<!DOCTYPE HTML PUBLIC "-//W3C//DTD HTML 4.01 Transitional//EN">
<HTML>
 <HEAD>
   <TITLE> [Windstille-commit] r1489 - in trunk/windstille: . data src	src/armature tools
   </TITLE>
   <LINK REL="Index" HREF="http://lists.berlios.de/pipermail/windstille-commit/2007-June/index.html" >
   <LINK REL="made" HREF="mailto:windstille-commit%40lists.berlios.de?Subject=Re%3A%20%5BWindstille-commit%5D%20r1489%20-%20in%20trunk/windstille%3A%20.%20data%20src%0A%09src/armature%20tools&In-Reply-To=%3C200706211743.l5LHh9Y1007647%40sheep.berlios.de%3E">
   <META NAME="robots" CONTENT="index,nofollow">
   <style type="text/css">
       pre {
           white-space: pre-wrap;       /* css-2.1, curent FF, Opera, Safari */
           }
   </style>
   <META http-equiv="Content-Type" content="text/html; charset=us-ascii">
   <LINK REL="Previous"  HREF="001140.html">
   <LINK REL="Next"  HREF="001142.html">
 </HEAD>
 <BODY BGCOLOR="#ffffff">
   <H1>[Windstille-commit] r1489 - in trunk/windstille: . data src	src/armature tools</H1>
    <B>grumbel at BerliOS</B> 
    <A HREF="mailto:windstille-commit%40lists.berlios.de?Subject=Re%3A%20%5BWindstille-commit%5D%20r1489%20-%20in%20trunk/windstille%3A%20.%20data%20src%0A%09src/armature%20tools&In-Reply-To=%3C200706211743.l5LHh9Y1007647%40sheep.berlios.de%3E"
       TITLE="[Windstille-commit] r1489 - in trunk/windstille: . data src	src/armature tools">grumbel at mail.berlios.de
       </A><BR>
    <I>Thu Jun 21 19:43:09 CEST 2007</I>
    <P><UL>
        <LI>Previous message: <A HREF="001140.html">[Windstille-commit] r1488 - in trunk/windstille: src/armature tools
</A></li>
        <LI>Next message: <A HREF="001142.html">[Windstille-commit] r1490 - trunk/windstille/tools
</A></li>
         <LI> <B>Messages sorted by:</B> 
              <a href="date.html#1141">[ date ]</a>
              <a href="thread.html#1141">[ thread ]</a>
              <a href="subject.html#1141">[ subject ]</a>
              <a href="author.html#1141">[ author ]</a>
         </LI>
       </UL>
    <HR>  
<!--beginarticle-->
<PRE>Author: grumbel
Date: 2007-06-21 19:43:08 +0200 (Thu, 21 Jun 2007)
New Revision: 1489

Modified:
   trunk/windstille/TODO
   trunk/windstille/data/armature.arm
   trunk/windstille/src/armature/armature.cpp
   trunk/windstille/src/armature_test.cpp
   trunk/windstille/tools/bone_test.blend
Log:
- as it seems, bone import now fully working! *&lt;:-)

Modified: trunk/windstille/TODO
===================================================================
--- trunk/windstille/TODO	2007-06-21 07:19:59 UTC (rev 1488)
+++ trunk/windstille/TODO	2007-06-21 17:43:08 UTC (rev 1489)
@@ -49,5 +49,7 @@
 - add line numbers to error messages from lisp
 - fix memory leak in SExprFileReader
 - use non-euler angles in the model viewer
+- setting glLineWidth() leads to some interesting artefacts on the
+  menus which might be a cool effect
 
 # EOF #

Modified: trunk/windstille/data/armature.arm
===================================================================
--- trunk/windstille/data/armature.arm	2007-06-21 07:19:59 UTC (rev 1488)
+++ trunk/windstille/data/armature.arm	2007-06-21 17:43:08 UTC (rev 1489)
@@ -4,119 +4,161 @@
   (bones
     (bone
       (name      &quot;Bone.010&quot;)
-      (children )
+    	  (children )
       (parent    &quot;Bone.009&quot;)
-      (head      0.000000 0.000000 0.000000)
-      (length    0.643892884254)
-      (matrix   -0.123724 -0.992317  0.000001  0.000000
-                 0.992317 -0.123724  0.000000  0.000000
-                -0.000000  0.000001  1.000000  0.000000
+      (head      -0.000000 -0.000000 0.000000)
+      (length    0.609991371632)
+      (matrix   -0.885632 -0.399715  0.236399  0.000000
+                 0.281300 -0.056720  0.957942  0.000000
+                -0.369496  0.914883  0.162673  0.000000
                  0.000000  0.000000  0.000000  1.000000)
-      (quat      0.000000 0.000000 0.749575 0.661920)
-      (euler     0.000032 0.000001 97.107079)
+      (quat      -0.045868 0.645414 0.725435 0.234692)
+      (euler     79.917725 21.684511 162.378754)
      )
 
     (bone
+      (name      &quot;Bone.009&quot;)
+    	  (children  &quot;Bone.010&quot;)
+      (parent    &quot;Bone.008&quot;)
+      (head      0.000000 -0.000000 -0.000000)
+      (length    0.528390169144)
+      (matrix    0.984876  0.173264 -0.000002  0.000000
+                -0.173264  0.984876 -0.000000  0.000000
+                 0.000002  0.000000  1.000000  0.000000
+                 0.000000  0.000000  0.000000  1.000000)
+      (quat      0.000000 -0.000001 -0.086961 0.996212)
+      (euler     0.000021 -0.000104 -9.977630)
+     )
+
+    (bone
       (name      &quot;Bone.004&quot;)
-      (children  &quot;Bone.008&quot;)
+    	  (children  &quot;Bone.008&quot;)
       (parent    &quot;Bone.017&quot;)
       (head      0.120711 -0.025305 0.000000)
       (length    0.669082939625)
-      (matrix   -0.798968  0.601373 -0.000000  0.000000
-                -0.601373 -0.798968 -0.000000  0.000000
+      (matrix   -0.798969  0.601373 -0.000000  0.000000
+                -0.601373 -0.798969 -0.000000  0.000000
                 -0.000000  0.000000  1.000000  0.000000
                  0.000000  0.000000  0.000000  1.000000)
-      (quat      0.000000 0.000000 -0.948411 0.317042)
-      (euler     0.000004 0.000012 -143.031693)
+      (quat      0.000000 -0.000000 -0.948411 0.317042)
+      (euler     0.000004 0.000012 -143.031738)
      )
 
     (bone
       (name      &quot;Bone.007&quot;)
-      (children )
+    	  (children )
       (parent    &quot;Bone.006&quot;)
-      (head      -0.000000 0.000000 0.000000)
-      (length    0.412145078182)
-      (matrix    0.089845  0.995956 -0.000002  0.000000
-                -0.995956  0.089845  0.000000  0.000000
-                 0.000000  0.000002  1.000000  0.000000
+      (head      -0.000000 -0.000000 -0.000000)
+      (length    0.580758810043)
+      (matrix   -0.940337  0.255785 -0.224367  0.000000
+                -0.203484  0.105733  0.973352  0.000000
+                 0.272692  0.960934 -0.047377  0.000000
                  0.000000  0.000000  0.000000  1.000000)
-      (quat      0.000001 -0.000001 -0.674594 0.738189)
-      (euler     0.000125 -0.000012 -84.845291)
+      (quat      -0.018074 -0.723437 -0.668436 0.171770)
+      (euler     -87.177452 -164.175507 12.210252)
      )
 
     (bone
       (name      &quot;Bone.006&quot;)
-      (children  &quot;Bone.007&quot;)
+    	  (children  &quot;Bone.007&quot;)
       (parent    &quot;Bone.005&quot;)
-      (head      0.000000 0.000000 0.000000)
-      (length    0.460424602032)
-      (matrix    0.975521 -0.219906  0.000003  0.000000
-                 0.219906  0.975521  0.000000  0.000000
+      (head      0.000000 -0.000000 -0.000000)
+      (length    0.460424661636)
+      (matrix    0.975521 -0.219905  0.000003  0.000000
+                 0.219905  0.975521  0.000000  0.000000
                 -0.000003  0.000000  1.000000  0.000000
                  0.000000  0.000000  0.000000  1.000000)
       (quat      -0.000000 0.000001 0.110632 0.993861)
-      (euler     0.000007 0.000158 12.703509)
+      (euler     0.000007 0.000158 12.703480)
      )
 
     (bone
       (name      &quot;Bone.016&quot;)
-      (children )
+    	  (children  &quot;Bone.018&quot;)
       (parent    &quot;Bone.015&quot;)
-      (head      0.000000 0.000000 0.000000)
-      (length    0.380072444677)
-      (matrix   -0.162390 -0.986727 -0.000000  0.000000
-                 0.986727 -0.162390 -0.000000  0.000000
-                 0.000000 -0.000000  1.000000  0.000000
+      (head      0.000000 -0.000000 -0.000000)
+      (length    0.7483959198)
+      (matrix    0.992324  0.020425 -0.121970  0.000000
+                 0.120612 -0.377748  0.918019  0.000000
+                -0.027324 -0.925683 -0.377312  0.000000
                  0.000000  0.000000  0.000000  1.000000)
-      (quat      -0.000000 -0.000000 0.762361 0.647151)
-      (euler     -0.000003 -0.000000 99.345650)
+      (quat      -0.828762 -0.042544 0.045035 0.556162)
+      (euler     -112.175995 1.565737 6.930044)
      )
 
     (bone
       (name      &quot;Bone.008&quot;)
-      (children  &quot;Bone.009&quot;)
+    	  (children  &quot;Bone.009&quot;)
       (parent    &quot;Bone.004&quot;)
       (head      -0.000000 0.000000 0.000000)
-      (length    0.534853696823)
-      (matrix    0.817942  0.575301  0.000002  0.000000
-                -0.575301  0.817942 -0.000002  0.000000
+      (length    0.534853637218)
+      (matrix    0.817942  0.575300  0.000002  0.000000
+                -0.575300  0.817942 -0.000002  0.000000
                 -0.000003  0.000000  1.000000  0.000000
                  0.000000  0.000000  0.000000  1.000000)
       (quat      0.000000 0.000001 -0.301710 0.953400)
-      (euler     0.000006 0.000148 -35.120697)
+      (euler     0.000006 0.000148 -35.120655)
      )
 
     (bone
-      (name      &quot;Bone.009&quot;)
-      (children  &quot;Bone.010&quot;)
-      (parent    &quot;Bone.008&quot;)
-      (head      -0.000000 0.000000 0.000000)
-      (length    0.528390049934)
-      (matrix    0.984875  0.173265 -0.000003  0.000000
-                -0.173265  0.984875  0.000000  0.000000
-                 0.000003  0.000000  1.000000  0.000000
+      (name      &quot;Bone.020&quot;)
+    	  (children )
+      (parent    &quot;Bone.019&quot;)
+      (head      0.000000 0.000000 0.000000)
+      (length    0.783167004585)
+      (matrix    1.000000 -0.000000 -0.000000  0.000000
+                -0.000000  0.786170 -0.618010  0.000000
+                 0.000000  0.618010  0.786170  0.000000
                  0.000000  0.000000  0.000000  1.000000)
-      (quat      0.000000 -0.000002 -0.086962 0.996212)
-      (euler     0.000027 -0.000188 -9.977681)
+      (quat      0.326978 -0.000000 0.000000 0.945032)
+      (euler     38.170948 -0.000017 -0.000002)
      )
 
     (bone
+      (name      &quot;Bone.019&quot;)
+    	  (children  &quot;Bone.020&quot;)
+      (parent    &quot;Bone.018&quot;)
+      (head      0.000000 -0.000000 0.000000)
+      (length    0.885059058666)
+      (matrix    1.000000 -0.000000  0.000000  0.000000
+                -0.000000  0.904786  0.425867  0.000000
+                -0.000000 -0.425867  0.904786  0.000000
+                 0.000000  0.000000  0.000000  1.000000)
+      (quat      -0.218191 0.000000 -0.000000 0.975906)
+      (euler     -25.205584 0.000023 -0.000006)
+     )
+
+    (bone
+      (name      &quot;Bone.018&quot;)
+    	  (children  &quot;Bone.019&quot;)
+      (parent    &quot;Bone.016&quot;)
+      (head      0.000000 -0.000000 0.000000)
+      (length    0.711826086044)
+      (matrix    0.999458 -0.011594  0.030813  0.000000
+                -0.018364  0.580457  0.814084  0.000000
+                -0.027324 -0.814208  0.579930  0.000000
+                 0.000000  0.000000  0.000000  1.000000)
+      (quat      -0.458004 0.016353 -0.001904 0.888798)
+      (euler     -54.539162 1.565734 -1.052638)
+     )
+
+    (bone
       (name      &quot;Bone.015&quot;)
-      (children  &quot;Bone.016&quot;)
+    	  (children  &quot;Bone.016&quot;)
       (parent    &quot;Bone&quot;)
       (head      0.000000 0.000000 0.000000)
       (length    0.392938047647)
-      (matrix    0.994743  0.102400  0.000000  0.000000
-                -0.102400  0.994743  0.000000  0.000000
-                 0.000000 -0.000000  1.000000  0.000000
+      (matrix    0.994743  0.102400 -0.000000  0.000000
+                -0.102400  0.994743 -0.000000  0.000000
+                -0.000000  0.000000  1.000000  0.000000
                  0.000000  0.000000  0.000000  1.000000)
-      (quat      -0.000000 0.000000 -0.051267 0.998685)
-      (euler     -0.000003 -0.000000 -5.877396)
+      (quat      0.000000 -0.000000 -0.051267 0.998685)
+      (euler     0.000007 0.000000 -5.877398)
      )
 
     (bone
       (name      &quot;Bone.005&quot;)
-      (children  &quot;Bone.006&quot;)
+    	  (children  &quot;Bone.006&quot;)
       (parent    &quot;Bone.003&quot;)
       (head      0.000000 0.000000 0.000000)
       (length    0.571729123592)
@@ -130,24 +172,24 @@
 
     (bone
       (name      &quot;Bone.012&quot;)
-      (children )
+    	  (children )
       (parent    &quot;Bone.011&quot;)
       (head      0.000000 0.000000 0.000000)
-      (length    0.673586189747)
-      (matrix    0.962826  0.270121  0.000000  0.000000
-                -0.270121  0.962826  0.000000  0.000000
-                -0.000000 -0.000000  1.000000  0.000000
+      (length    0.616347193718)
+      (matrix   -0.601701  0.473509 -0.643230  0.000000
+                -0.639778  0.196392  0.743044  0.000000
+                 0.478163  0.858615  0.184771  0.000000
                  0.000000  0.000000  0.000000  1.000000)
-      (quat      -0.000000 0.000000 -0.136333 0.990663)
-      (euler     -0.000007 0.000016 -15.671446)
+      (quat      0.065452 -0.635083 -0.630492 0.441436)
+      (euler     77.855347 -28.565483 -133.243271)
      )
 
     (bone
       (name      &quot;Bone.013&quot;)
-      (children  &quot;Bone.014&quot;)
+    	  (children  &quot;Bone.014&quot;)
       (parent    &quot;Bone.001&quot;)
-      (head      -0.000000 0.000000 0.000000)
-      (length    0.552089571953)
+      (head      0.000000 -0.000000 -0.000000)
+      (length    0.552089452744)
       (matrix    0.497525  0.867449  0.000000  0.000000
                 -0.867449  0.497525 -0.000000  0.000000
                 -0.000000  0.000000  1.000000  0.000000
@@ -158,7 +200,7 @@
 
     (bone
       (name      &quot;Bone.001&quot;)
-      (children  &quot;Bone.013&quot;)
+    	  (children  &quot;Bone.013&quot;)
       (parent    &quot;Bone&quot;)
       (head      0.000000 0.000000 0.000000)
       (length    0.780920624733)
@@ -172,21 +214,21 @@
 
     (bone
       (name      &quot;Bone.002&quot;)
-      (children  &quot;Bone.011&quot;)
+    	  (children  &quot;Bone.011&quot;)
       (parent    &quot;Bone&quot;)
       (head      0.000000 0.000000 0.000000)
-      (length    0.73281288147)
+      (length    0.732812821865)
       (matrix   -0.290226 -0.956958  0.000000  0.000000
                  0.956958 -0.290226 -0.000000  0.000000
                  0.000000  0.000000  1.000000  0.000000
                  0.000000  0.000000  0.000000  1.000000)
-      (quat      0.000000 -0.000000 0.803189 0.595724)
-      (euler     0.000003 -0.000005 106.871460)
+      (quat      0.000000 0.000000 0.803189 0.595724)
+      (euler     0.000003 -0.000005 106.871468)
      )
 
     (bone
       (name      &quot;Bone.003&quot;)
-      (children  &quot;Bone.005&quot;)
+    	  (children  &quot;Bone.005&quot;)
       (parent    &quot;Bone.017&quot;)
       (head      -0.080474 -0.013809 -0.000000)
       (length    0.692165970802)
@@ -200,7 +242,7 @@
 
     (bone ;; a root bone
       (name      &quot;Bone.017&quot;)
-      (children  &quot;Bone&quot; &quot;Bone.003&quot; &quot;Bone.004&quot;)
+    	  (children  &quot;Bone&quot; &quot;Bone.003&quot; &quot;Bone.004&quot;)
       (parent )
       (head      0.000000 0.979157 -0.000000)
       (length    0.259003162384)
@@ -214,21 +256,21 @@
 
     (bone
       (name      &quot;Bone.011&quot;)
-      (children  &quot;Bone.012&quot;)
+    	  (children  &quot;Bone.012&quot;)
       (parent    &quot;Bone.002&quot;)
-      (head      0.000000 0.000000 0.000000)
+      (head      0.000000 -0.000000 -0.000000)
       (length    0.563668251038)
-      (matrix    0.479301 -0.877651 -0.000000  0.000000
-                 0.877651  0.479301 -0.000000  0.000000
-                 0.000000  0.000000  1.000000  0.000000
+      (matrix    0.479301 -0.877651  0.000000  0.000000
+                 0.877651  0.479301  0.000000  0.000000
+                -0.000000  0.000000  1.000000  0.000000
                  0.000000  0.000000  0.000000  1.000000)
-      (quat      0.000000 -0.000000 0.510245 0.860029)
-      (euler     0.000005 -0.000019 61.360249)
+      (quat      0.000000 0.000000 0.510245 0.860029)
+      (euler     0.000003 0.000003 61.360241)
      )
 
     (bone
       (name      &quot;Bone&quot;)
-      (children  &quot;Bone.001&quot; &quot;Bone.002&quot; &quot;Bone.015&quot;)
+    	  (children  &quot;Bone.001&quot; &quot;Bone.002&quot; &quot;Bone.015&quot;)
       (parent    &quot;Bone.017&quot;)
       (head      0.000000 0.106902 -0.000000)
       (length    0.844800710678)
@@ -242,16 +284,16 @@
 
     (bone
       (name      &quot;Bone.014&quot;)
-      (children )
+    	  (children )
       (parent    &quot;Bone.013&quot;)
-      (head      -0.000000 0.000000 0.000000)
-      (length    0.492631494999)
-      (matrix    0.998603  0.052845  0.000000  0.000000
-                -0.052845  0.998603 -0.000000  0.000000
-                -0.000000  0.000000  1.000000  0.000000
+      (head      0.000000 0.000000 0.000000)
+      (length    0.541055619717)
+      (matrix   -0.894525 -0.200734  0.399413  0.000000
+                 0.417369 -0.055060  0.907067  0.000000
+                -0.160087  0.978097  0.133033  0.000000
                  0.000000  0.000000  0.000000  1.000000)
-      (quat      0.000000 0.000000 -0.026432 0.999651)
-      (euler     0.000001 0.000007 -3.029227)
+      (quat      0.082919 0.653152 0.721564 0.214154)
+      (euler     82.254608 9.211949 154.987091)
      )
 
   ) ;; bones

Modified: trunk/windstille/src/armature/armature.cpp
===================================================================
--- trunk/windstille/src/armature/armature.cpp	2007-06-21 07:19:59 UTC (rev 1488)
+++ trunk/windstille/src/armature/armature.cpp	2007-06-21 17:43:08 UTC (rev 1489)
@@ -128,6 +128,7 @@
   state.color(Color(1.0f, 0.0f, 0.0f));
   state.activate();
 
+  glLineWidth(6.0f);
   //std::cout &lt;&lt; &quot;XXXXXXXXXXXXXXXXXXXXXXXXXXXXXXXXXXXXXXXXXXXXXXXXXXXXXXXXXXXXX-&quot; &lt;&lt; std::endl;
   glBegin(GL_LINES);
   draw_bone(root_bone, Vector3(0,0, 0), Matrix::identity());
@@ -135,41 +136,40 @@
 }
 
 void
-Armature::draw_bone(Bone* bone, Vector3 p, Matrix cur)
+Armature::draw_bone(Bone* bone, Vector3 p, Matrix m)
 {
-  // In theory we should be using Z, but Y seems to work?!
-  Vector3 vec = Vector3(0.0f, bone-&gt;length,  0.0f); 
-  Matrix  mat = bone-&gt;matrix.multiply(cur);
-  
+  Matrix  m_  = m.multiply(bone-&gt;matrix);
+  Vector3 p_  = p + m.multiply(bone-&gt;offset);
+  Vector3 p__ = p_ + m_.multiply(Vector3(0.0f, bone-&gt;length, 0.0f));
+
+  // In theory we should be using length in the Z component, but only
+  // Y seems to work?! -&gt; Blenders matrix are weird
+
   // Issues: 
   // - don't mess with the root bone
-  // - offsets are ignored
 
   // std::cout &lt;&lt; &quot;--------------------------------------------------------------&quot; &lt;&lt; std::endl;
   // std::cout &lt;&lt; &quot;draw_bone: &quot; &lt;&lt; bone-&gt;name &lt;&lt; std::endl;
   // std::cout &lt;&lt; &quot;bone matrix: \n&quot; &lt;&lt; bone-&gt;matrix &lt;&lt; std::endl;
   // std::cout &lt;&lt; &quot;matrix: \n&quot; &lt;&lt; mat &lt;&lt; std::endl;
   // std::cout &lt;&lt; &quot;before: &quot; &lt;&lt; vec &lt;&lt; std::endl;
-  vec = mat.multiply(vec) + p + bone-&gt;offset;
+  ////  vec = mat.multiply(vec) + p + offset;
   // std::cout &lt;&lt; &quot;after: &quot; &lt;&lt; vec &lt;&lt; std::endl;
 
- // do we need to rotate the offset?
-  Vector3 p_ = p + bone-&gt;offset;
-
   // p to p+offset
   glColor3f(0.0f, 0.5f, 0.0f);
   glVertex3f(  p.x, p.y, p.z);
   glColor3f(0.0f, 1.0f, 0.0f);
   glVertex3f( p_.x, p_.y, p_.z);  
 
-  // p to vec
-  glColor3f(0.7f, 0.0f, 0.0f);
+  // p+offset to new endpoint
+  glColor3f(0.0f, 0.0f, 1.0f);
   glVertex3f(  p_.x,   p_.y,   p_.z);
   glColor3f(1.0f, 0.0f, 0.0f);
-  glVertex3f(vec.x, vec.y, vec.z);
+  glVertex3f(  p__.x,  p__.y, p__.z);
 
   for(std::vector&lt;Bone*&gt;::iterator i = bone-&gt;children.begin(); i != bone-&gt;children.end(); ++i)  
-    draw_bone(*i, vec, mat);
+    draw_bone(*i, p__, m_);
 }
 
 /* EOF */

Modified: trunk/windstille/src/armature_test.cpp
===================================================================
--- trunk/windstille/src/armature_test.cpp	2007-06-21 07:19:59 UTC (rev 1488)
+++ trunk/windstille/src/armature_test.cpp	2007-06-21 17:43:08 UTC (rev 1489)
@@ -49,7 +49,7 @@
   glPushMatrix();
 
   glTranslatef(400.0f, 300.0f, 0.0f);
-  glScalef(128.0f, 128.0f, 128.0f);
+  glScalef(64.0f, 64.0f, 64.0f);
  
   glRotatef(xrot, 1.0f, 0.0f, 0.0f);
   glRotatef(yrot, 0.0f, 1.0f, 0.0f);
@@ -70,10 +70,31 @@
     {
       screen_manager.pop_screen();
     }
- 
-  xrot += controller.get_axis_state(X_AXIS) * 90 * delta;
-  yrot += controller.get_axis_state(Y_AXIS) * 90 * delta;
-  zrot += controller.get_axis_state(X2_AXIS) * 90 * delta;
+
+  if (controller.button_was_pressed(PRIMARY_BUTTON))
+    {
+      xrot = 90;
+      yrot = 0;
+      zrot = 0;
+    }
+  else if (controller.button_was_pressed(SECONDARY_BUTTON))
+      {
+      xrot = 0;
+      yrot = 90;
+      zrot = 0;
+      }
+  if (controller.button_was_pressed(TERTIARY_BUTTON))
+    {
+      xrot = 0;
+      yrot = 0;
+      zrot = 90;
+    }
+  else
+    { 
+      xrot += controller.get_axis_state(X_AXIS) * 90 * delta;
+      yrot += controller.get_axis_state(Y_AXIS) * 90 * delta;
+      zrot += controller.get_axis_state(X2_AXIS) * 90 * delta;
+    }
 }
 
 /* EOF */

Modified: trunk/windstille/tools/bone_test.blend
===================================================================
(Binary files differ)


</PRE>

<!--endarticle-->
    <HR>
    <P><UL>
        <!--threads-->
	<LI>Previous message: <A HREF="001140.html">[Windstille-commit] r1488 - in trunk/windstille: src/armature tools
</A></li>
	<LI>Next message: <A HREF="001142.html">[Windstille-commit] r1490 - trunk/windstille/tools
</A></li>
         <LI> <B>Messages sorted by:</B> 
              <a href="date.html#1141">[ date ]</a>
              <a href="thread.html#1141">[ thread ]</a>
              <a href="subject.html#1141">[ subject ]</a>
              <a href="author.html#1141">[ author ]</a>
         </LI>
       </UL>

<hr>
<a href="https://lists.berlios.de/mailman/listinfo/windstille-commit">More information about the Windstille-commit
mailing list</a><br>
</body></html>
