<!DOCTYPE HTML PUBLIC "-//W3C//DTD HTML 4.01 Transitional//EN">
<HTML>
 <HEAD>
   <TITLE> [Windstille-commit] r1492 - in trunk/windstille: data src	src/armature tools
   </TITLE>
   <LINK REL="Index" HREF="http://lists.berlios.de/pipermail/windstille-commit/2007-June/index.html" >
   <LINK REL="made" HREF="mailto:windstille-commit%40lists.berlios.de?Subject=Re%3A%20%5BWindstille-commit%5D%20r1492%20-%20in%20trunk/windstille%3A%20data%20src%0A%09src/armature%20tools&In-Reply-To=%3C200706220025.l5M0PK92021901%40sheep.berlios.de%3E">
   <META NAME="robots" CONTENT="index,nofollow">
   <style type="text/css">
       pre {
           white-space: pre-wrap;       /* css-2.1, curent FF, Opera, Safari */
           }
   </style>
   <META http-equiv="Content-Type" content="text/html; charset=us-ascii">
   <LINK REL="Previous"  HREF="001143.html">
   <LINK REL="Next"  HREF="001145.html">
 </HEAD>
 <BODY BGCOLOR="#ffffff">
   <H1>[Windstille-commit] r1492 - in trunk/windstille: data src	src/armature tools</H1>
    <B>grumbel at BerliOS</B> 
    <A HREF="mailto:windstille-commit%40lists.berlios.de?Subject=Re%3A%20%5BWindstille-commit%5D%20r1492%20-%20in%20trunk/windstille%3A%20data%20src%0A%09src/armature%20tools&In-Reply-To=%3C200706220025.l5M0PK92021901%40sheep.berlios.de%3E"
       TITLE="[Windstille-commit] r1492 - in trunk/windstille: data src	src/armature tools">grumbel at mail.berlios.de
       </A><BR>
    <I>Fri Jun 22 02:25:20 CEST 2007</I>
    <P><UL>
        <LI>Previous message: <A HREF="001143.html">[Windstille-commit] r1491 - in trunk/windstille: . src tools
</A></li>
        <LI>Next message: <A HREF="001145.html">[Windstille-commit] r1493 - in trunk/windstille: data data/armature	data/armature/pose src src/armature tools
</A></li>
         <LI> <B>Messages sorted by:</B> 
              <a href="date.html#1144">[ date ]</a>
              <a href="thread.html#1144">[ thread ]</a>
              <a href="subject.html#1144">[ subject ]</a>
              <a href="author.html#1144">[ author ]</a>
         </LI>
       </UL>
    <HR>  
<!--beginarticle-->
<PRE>Author: grumbel
Date: 2007-06-22 02:25:15 +0200 (Fri, 22 Jun 2007)
New Revision: 1492

Added:
   trunk/windstille/data/pose.pose
   trunk/windstille/src/armature/action.hpp
   trunk/windstille/src/armature/ipo_curve.cpp
   trunk/windstille/src/armature/ipo_curve.hpp
   trunk/windstille/src/armature/pose.cpp
   trunk/windstille/src/armature/pose.hpp
   trunk/windstille/src/armature/pose_bone.hpp
Modified:
   trunk/windstille/data/armature.arm
   trunk/windstille/src/SConscript
   trunk/windstille/src/armature/armature.cpp
   trunk/windstille/src/armature/armature.hpp
   trunk/windstille/src/armature/bone.hpp
   trunk/windstille/src/armature_test.cpp
   trunk/windstille/src/armature_test.hpp
   trunk/windstille/tools/
   trunk/windstille/tools/bone_test.blend
   trunk/windstille/tools/pose_export.py
Log:
- implemented basic handling of poses (matrix handling still seems to be broken here and there)

Modified: trunk/windstille/data/armature.arm
===================================================================
--- trunk/windstille/data/armature.arm	2007-06-21 23:12:01 UTC (rev 1491)
+++ trunk/windstille/data/armature.arm	2007-06-22 00:25:15 UTC (rev 1492)
@@ -4,245 +4,245 @@
   (bones
     (bone
       (name      &quot;Bone.010&quot;)
-    	  (children )
+      (children )
       (parent    &quot;Bone.009&quot;)
       (head      -0.000000 -0.000000 0.000000)
       (length    0.609991371632)
-      (matrix   -0.885632 -0.399715  0.236399  0.000000
-                 0.281300 -0.056720  0.957942  0.000000
-                -0.369496  0.914883  0.162673  0.000000
+      (matrix   -0.885632  0.281300 -0.369496  0.000000
+                -0.399715 -0.056720  0.914883  0.000000
+                 0.236399  0.957942  0.162673  0.000000
                  0.000000  0.000000  0.000000  1.000000)
-      (quat      -0.045868 0.645414 0.725435 0.234692)
+      (quat      0.234692 -0.045868 0.645414 0.725435)
       (euler     79.917725 21.684511 162.378754)
      )
 
     (bone
       (name      &quot;Bone.009&quot;)
-    	  (children  &quot;Bone.010&quot;)
+      (children  &quot;Bone.010&quot;)
       (parent    &quot;Bone.008&quot;)
       (head      0.000000 -0.000000 -0.000000)
       (length    0.528390169144)
-      (matrix    0.984876  0.173264 -0.000002  0.000000
-                -0.173264  0.984876 -0.000000  0.000000
-                 0.000002  0.000000  1.000000  0.000000
+      (matrix    0.984876 -0.173264  0.000002  0.000000
+                 0.173264  0.984876  0.000000  0.000000
+                -0.000002 -0.000000  1.000000  0.000000
                  0.000000  0.000000  0.000000  1.000000)
-      (quat      0.000000 -0.000001 -0.086961 0.996212)
+      (quat      0.996212 0.000000 -0.000001 -0.086961)
       (euler     0.000021 -0.000104 -9.977630)
      )
 
     (bone
       (name      &quot;Bone.004&quot;)
-    	  (children  &quot;Bone.008&quot;)
+      (children  &quot;Bone.008&quot;)
       (parent    &quot;Bone.017&quot;)
       (head      0.120711 -0.025305 0.000000)
       (length    0.669082939625)
-      (matrix   -0.798969  0.601373 -0.000000  0.000000
-                -0.601373 -0.798969 -0.000000  0.000000
-                -0.000000  0.000000  1.000000  0.000000
+      (matrix   -0.798969 -0.601373 -0.000000  0.000000
+                 0.601373 -0.798969  0.000000  0.000000
+                -0.000000 -0.000000  1.000000  0.000000
                  0.000000  0.000000  0.000000  1.000000)
-      (quat      0.000000 -0.000000 -0.948411 0.317042)
+      (quat      0.317042 0.000000 -0.000000 -0.948411)
       (euler     0.000004 0.000012 -143.031738)
      )
 
     (bone
       (name      &quot;Bone.007&quot;)
-    	  (children )
+      (children )
       (parent    &quot;Bone.006&quot;)
       (head      -0.000000 -0.000000 -0.000000)
       (length    0.580758810043)
-      (matrix   -0.940337  0.255785 -0.224367  0.000000
-                -0.203484  0.105733  0.973352  0.000000
-                 0.272692  0.960934 -0.047377  0.000000
+      (matrix   -0.940337 -0.203484  0.272692  0.000000
+                 0.255785  0.105733  0.960934  0.000000
+                -0.224367  0.973352 -0.047377  0.000000
                  0.000000  0.000000  0.000000  1.000000)
-      (quat      -0.018074 -0.723437 -0.668436 0.171770)
+      (quat      0.171770 -0.018074 -0.723437 -0.668436)
       (euler     -87.177452 -164.175507 12.210252)
      )
 
     (bone
       (name      &quot;Bone.006&quot;)
-    	  (children  &quot;Bone.007&quot;)
+      (children  &quot;Bone.007&quot;)
       (parent    &quot;Bone.005&quot;)
       (head      0.000000 -0.000000 -0.000000)
       (length    0.460424661636)
-      (matrix    0.975521 -0.219905  0.000003  0.000000
-                 0.219905  0.975521  0.000000  0.000000
-                -0.000003  0.000000  1.000000  0.000000
+      (matrix    0.975521  0.219905 -0.000003  0.000000
+                -0.219905  0.975521  0.000000  0.000000
+                 0.000003  0.000000  1.000000  0.000000
                  0.000000  0.000000  0.000000  1.000000)
-      (quat      -0.000000 0.000001 0.110632 0.993861)
+      (quat      0.993861 -0.000000 0.000001 0.110632)
       (euler     0.000007 0.000158 12.703480)
      )
 
     (bone
       (name      &quot;Bone.016&quot;)
-    	  (children  &quot;Bone.018&quot;)
+      (children  &quot;Bone.018&quot;)
       (parent    &quot;Bone.015&quot;)
       (head      0.000000 -0.000000 -0.000000)
       (length    0.7483959198)
-      (matrix    0.992324  0.020425 -0.121970  0.000000
-                 0.120612 -0.377748  0.918019  0.000000
-                -0.027324 -0.925683 -0.377312  0.000000
+      (matrix    0.992324  0.120612 -0.027324  0.000000
+                 0.020425 -0.377748 -0.925683  0.000000
+                -0.121970  0.918019 -0.377312  0.000000
                  0.000000  0.000000  0.000000  1.000000)
-      (quat      -0.828762 -0.042544 0.045035 0.556162)
+      (quat      0.556162 -0.828762 -0.042544 0.045035)
       (euler     -112.175995 1.565737 6.930044)
      )
 
     (bone
       (name      &quot;Bone.008&quot;)
-    	  (children  &quot;Bone.009&quot;)
+      (children  &quot;Bone.009&quot;)
       (parent    &quot;Bone.004&quot;)
       (head      -0.000000 0.000000 0.000000)
       (length    0.534853637218)
-      (matrix    0.817942  0.575300  0.000002  0.000000
-                -0.575300  0.817942 -0.000002  0.000000
-                -0.000003  0.000000  1.000000  0.000000
+      (matrix    0.817942 -0.575300 -0.000003  0.000000
+                 0.575300  0.817942  0.000000  0.000000
+                 0.000002 -0.000002  1.000000  0.000000
                  0.000000  0.000000  0.000000  1.000000)
-      (quat      0.000000 0.000001 -0.301710 0.953400)
+      (quat      0.953400 0.000000 0.000001 -0.301710)
       (euler     0.000006 0.000148 -35.120655)
      )
 
     (bone
       (name      &quot;Bone.020&quot;)
-    	  (children )
+      (children )
       (parent    &quot;Bone.019&quot;)
       (head      0.000000 0.000000 0.000000)
       (length    0.783167004585)
-      (matrix    1.000000 -0.000000 -0.000000  0.000000
-                -0.000000  0.786170 -0.618010  0.000000
-                 0.000000  0.618010  0.786170  0.000000
+      (matrix    1.000000 -0.000000  0.000000  0.000000
+                -0.000000  0.786170  0.618010  0.000000
+                -0.000000 -0.618010  0.786170  0.000000
                  0.000000  0.000000  0.000000  1.000000)
-      (quat      0.326978 -0.000000 0.000000 0.945032)
+      (quat      0.945032 0.326978 -0.000000 0.000000)
       (euler     38.170948 -0.000017 -0.000002)
      )
 
     (bone
       (name      &quot;Bone.019&quot;)
-    	  (children  &quot;Bone.020&quot;)
+      (children  &quot;Bone.020&quot;)
       (parent    &quot;Bone.018&quot;)
       (head      0.000000 -0.000000 0.000000)
       (length    0.885059058666)
-      (matrix    1.000000 -0.000000  0.000000  0.000000
-                -0.000000  0.904786  0.425867  0.000000
-                -0.000000 -0.425867  0.904786  0.000000
+      (matrix    1.000000 -0.000000 -0.000000  0.000000
+                -0.000000  0.904786 -0.425867  0.000000
+                 0.000000  0.425867  0.904786  0.000000
                  0.000000  0.000000  0.000000  1.000000)
-      (quat      -0.218191 0.000000 -0.000000 0.975906)
+      (quat      0.975906 -0.218191 0.000000 -0.000000)
       (euler     -25.205584 0.000023 -0.000006)
      )
 
     (bone
       (name      &quot;Bone.018&quot;)
-    	  (children  &quot;Bone.019&quot;)
+      (children  &quot;Bone.019&quot;)
       (parent    &quot;Bone.016&quot;)
       (head      0.000000 -0.000000 0.000000)
       (length    0.711826086044)
-      (matrix    0.999458 -0.011594  0.030813  0.000000
-                -0.018364  0.580457  0.814084  0.000000
-                -0.027324 -0.814208  0.579930  0.000000
+      (matrix    0.999458 -0.018364 -0.027324  0.000000
+                -0.011594  0.580457 -0.814208  0.000000
+                 0.030813  0.814084  0.579930  0.000000
                  0.000000  0.000000  0.000000  1.000000)
-      (quat      -0.458004 0.016353 -0.001904 0.888798)
+      (quat      0.888798 -0.458004 0.016353 -0.001904)
       (euler     -54.539162 1.565734 -1.052638)
      )
 
     (bone
       (name      &quot;Bone.015&quot;)
-    	  (children  &quot;Bone.016&quot;)
+      (children  &quot;Bone.016&quot;)
       (parent    &quot;Bone&quot;)
       (head      0.000000 0.000000 0.000000)
       (length    0.392938047647)
-      (matrix    0.994743  0.102400 -0.000000  0.000000
-                -0.102400  0.994743 -0.000000  0.000000
-                -0.000000  0.000000  1.000000  0.000000
+      (matrix    0.994743 -0.102400 -0.000000  0.000000
+                 0.102400  0.994743  0.000000  0.000000
+                -0.000000 -0.000000  1.000000  0.000000
                  0.000000  0.000000  0.000000  1.000000)
-      (quat      0.000000 -0.000000 -0.051267 0.998685)
+      (quat      0.998685 0.000000 -0.000000 -0.051267)
       (euler     0.000007 0.000000 -5.877398)
      )
 
     (bone
       (name      &quot;Bone.005&quot;)
-    	  (children  &quot;Bone.006&quot;)
+      (children  &quot;Bone.006&quot;)
       (parent    &quot;Bone.003&quot;)
       (head      0.000000 0.000000 0.000000)
       (length    0.571729123592)
-      (matrix    0.782333 -0.622860 -0.000000  0.000000
-                 0.622860  0.782333 -0.000000  0.000000
-                 0.000001  0.000000  1.000000  0.000000
+      (matrix    0.782333  0.622860  0.000001  0.000000
+                -0.622860  0.782333  0.000000  0.000000
+                -0.000000 -0.000000  1.000000  0.000000
                  0.000000  0.000000  0.000000  1.000000)
-      (quat      0.000000 -0.000000 0.329899 0.944016)
+      (quat      0.944016 0.000000 -0.000000 0.329899)
       (euler     0.000003 -0.000030 38.525307)
      )
 
     (bone
       (name      &quot;Bone.012&quot;)
-    	  (children )
+      (children )
       (parent    &quot;Bone.011&quot;)
       (head      0.000000 0.000000 0.000000)
       (length    0.616347193718)
-      (matrix   -0.601701  0.473509 -0.643230  0.000000
-                -0.639778  0.196392  0.743044  0.000000
-                 0.478163  0.858615  0.184771  0.000000
+      (matrix   -0.601701 -0.639778  0.478163  0.000000
+                 0.473509  0.196392  0.858615  0.000000
+                -0.643230  0.743044  0.184771  0.000000
                  0.000000  0.000000  0.000000  1.000000)
-      (quat      0.065452 -0.635083 -0.630492 0.441436)
+      (quat      0.441436 0.065452 -0.635083 -0.630492)
       (euler     77.855347 -28.565483 -133.243271)
      )
 
     (bone
       (name      &quot;Bone.013&quot;)
-    	  (children  &quot;Bone.014&quot;)
+      (children  &quot;Bone.014&quot;)
       (parent    &quot;Bone.001&quot;)
       (head      0.000000 -0.000000 -0.000000)
       (length    0.552089452744)
-      (matrix    0.497525  0.867449  0.000000  0.000000
-                -0.867449  0.497525 -0.000000  0.000000
-                -0.000000  0.000000  1.000000  0.000000
+      (matrix    0.497525 -0.867449 -0.000000  0.000000
+                 0.867449  0.497525  0.000000  0.000000
+                 0.000000 -0.000000  1.000000  0.000000
                  0.000000  0.000000  0.000000  1.000000)
-      (quat      0.000000 0.000000 -0.501236 0.865311)
+      (quat      0.865311 0.000000 0.000000 -0.501236)
       (euler     0.000006 0.000023 -60.163593)
      )
 
     (bone
       (name      &quot;Bone.001&quot;)
-    	  (children  &quot;Bone.013&quot;)
+      (children  &quot;Bone.013&quot;)
       (parent    &quot;Bone&quot;)
       (head      0.000000 0.000000 0.000000)
       (length    0.780920624733)
-      (matrix   -0.264986  0.964252 -0.000000  0.000000
-                -0.964252 -0.264986 -0.000000  0.000000
-                -0.000000  0.000000  1.000000  0.000000
+      (matrix   -0.264986 -0.964252 -0.000000  0.000000
+                 0.964252 -0.264986  0.000000  0.000000
+                -0.000000 -0.000000  1.000000  0.000000
                  0.000000  0.000000  0.000000  1.000000)
-      (quat      0.000000 0.000000 -0.795294 0.606224)
+      (quat      0.606224 0.000000 0.000000 -0.795294)
       (euler     0.000003 0.000004 -105.366104)
      )
 
     (bone
       (name      &quot;Bone.002&quot;)
-    	  (children  &quot;Bone.011&quot;)
+      (children  &quot;Bone.011&quot;)
       (parent    &quot;Bone&quot;)
       (head      0.000000 0.000000 0.000000)
       (length    0.732812821865)
-      (matrix   -0.290226 -0.956958  0.000000  0.000000
-                 0.956958 -0.290226 -0.000000  0.000000
-                 0.000000  0.000000  1.000000  0.000000
+      (matrix   -0.290226  0.956958  0.000000  0.000000
+                -0.956958 -0.290226  0.000000  0.000000
+                 0.000000 -0.000000  1.000000  0.000000
                  0.000000  0.000000  0.000000  1.000000)
-      (quat      0.000000 0.000000 0.803189 0.595724)
+      (quat      0.595724 0.000000 0.000000 0.803189)
       (euler     0.000003 -0.000005 106.871468)
      )
 
     (bone
       (name      &quot;Bone.003&quot;)
-    	  (children  &quot;Bone.005&quot;)
+      (children  &quot;Bone.005&quot;)
       (parent    &quot;Bone.017&quot;)
       (head      -0.080474 -0.013809 -0.000000)
       (length    0.692165970802)
-      (matrix   -0.664364 -0.747409  0.000000  0.000000
-                 0.747409 -0.664364 -0.000000  0.000000
-                 0.000000  0.000000  1.000000  0.000000
+      (matrix   -0.664364  0.747409  0.000000  0.000000
+                -0.747409 -0.664364  0.000000  0.000000
+                 0.000000 -0.000000  1.000000  0.000000
                  0.000000  0.000000  0.000000  1.000000)
-      (quat      0.000000 0.000000 0.912240 0.409656)
+      (quat      0.409656 0.000000 0.000000 0.912240)
       (euler     0.000000 -0.000000 131.633560)
      )
 
     (bone ;; a root bone
       (name      &quot;Bone.017&quot;)
-    	  (children  &quot;Bone&quot; &quot;Bone.003&quot; &quot;Bone.004&quot;)
+      (children  &quot;Bone&quot; &quot;Bone.003&quot; &quot;Bone.004&quot;)
       (parent )
       (head      0.000000 0.979157 -0.000000)
       (length    0.259003162384)
@@ -250,27 +250,27 @@
                  0.000000  1.000000  0.000000  0.000000
                  0.000000  0.000000  1.000000  0.000000
                  0.000000  0.000000  0.000000  1.000000)
-      (quat      0.000000 0.000000 0.000000 1.000000)
+      (quat      1.000000 0.000000 0.000000 0.000000)
       (euler     0.000000 -0.000000 0.000000)
      )
 
     (bone
       (name      &quot;Bone.011&quot;)
-    	  (children  &quot;Bone.012&quot;)
+      (children  &quot;Bone.012&quot;)
       (parent    &quot;Bone.002&quot;)
       (head      0.000000 -0.000000 -0.000000)
       (length    0.563668251038)
-      (matrix    0.479301 -0.877651  0.000000  0.000000
-                 0.877651  0.479301  0.000000  0.000000
-                -0.000000  0.000000  1.000000  0.000000
+      (matrix    0.479301  0.877651 -0.000000  0.000000
+                -0.877651  0.479301  0.000000  0.000000
+                 0.000000  0.000000  1.000000  0.000000
                  0.000000  0.000000  0.000000  1.000000)
-      (quat      0.000000 0.000000 0.510245 0.860029)
+      (quat      0.860029 0.000000 0.000000 0.510245)
       (euler     0.000003 0.000003 61.360241)
      )
 
     (bone
       (name      &quot;Bone&quot;)
-    	  (children  &quot;Bone.001&quot; &quot;Bone.002&quot; &quot;Bone.015&quot;)
+      (children  &quot;Bone.001&quot; &quot;Bone.002&quot; &quot;Bone.015&quot;)
       (parent    &quot;Bone.017&quot;)
       (head      0.000000 0.106902 -0.000000)
       (length    0.844800710678)
@@ -278,21 +278,21 @@
                  0.000000  1.000000  0.000000  0.000000
                  0.000000  0.000000  1.000000  0.000000
                  0.000000  0.000000  0.000000  1.000000)
-      (quat      0.000000 0.000000 0.000000 1.000000)
+      (quat      1.000000 0.000000 0.000000 0.000000)
       (euler     0.000000 -0.000000 0.000000)
      )
 
     (bone
       (name      &quot;Bone.014&quot;)
-    	  (children )
+      (children )
       (parent    &quot;Bone.013&quot;)
       (head      0.000000 0.000000 0.000000)
       (length    0.541055619717)
-      (matrix   -0.894525 -0.200734  0.399413  0.000000
-                 0.417369 -0.055060  0.907067  0.000000
-                -0.160087  0.978097  0.133033  0.000000
+      (matrix   -0.894525  0.417369 -0.160087  0.000000
+                -0.200734 -0.055060  0.978097  0.000000
+                 0.399413  0.907067  0.133033  0.000000
                  0.000000  0.000000  0.000000  1.000000)
-      (quat      0.082919 0.653152 0.721564 0.214154)
+      (quat      0.214154 0.082919 0.653152 0.721564)
       (euler     82.254608 9.211949 154.987091)
      )
 

Added: trunk/windstille/data/pose.pose
===================================================================
--- trunk/windstille/data/pose.pose	2007-06-21 23:12:01 UTC (rev 1491)
+++ trunk/windstille/data/pose.pose	2007-06-22 00:25:15 UTC (rev 1492)
@@ -0,0 +1,71 @@
+;; -*- scheme -*-
+(pose
+  (name &quot;Armature.002&quot;)
+  (bones
+    (bone
+      (name &quot;Bone.010&quot;)
+      (quat 1.000000 0.000000 0.000000 0.000000))
+    (bone
+      (name &quot;Bone.009&quot;)
+      (quat 1.000000 0.000000 0.000000 0.000000))
+    (bone
+      (name &quot;Bone.004&quot;)
+      (quat 0.548134 0.668250 -0.502982 0.000000))
+    (bone
+      (name &quot;Bone.007&quot;)
+      (quat 1.000000 0.000000 0.000000 0.000000))
+    (bone
+      (name &quot;Bone.006&quot;)
+      (quat 1.000000 0.000000 0.000000 0.000000))
+    (bone
+      (name &quot;Bone.016&quot;)
+      (quat 1.000000 0.000000 0.000000 0.000000))
+    (bone
+      (name &quot;Bone.008&quot;)
+      (quat 1.000000 0.000000 0.000000 0.000000))
+    (bone
+      (name &quot;Bone.020&quot;)
+      (quat 1.000000 0.000000 0.000000 0.000000))
+    (bone
+      (name &quot;Bone.019&quot;)
+      (quat 1.000000 0.000000 0.000000 0.000000))
+    (bone
+      (name &quot;Bone.018&quot;)
+      (quat 1.000000 0.000000 0.000000 0.000000))
+    (bone
+      (name &quot;Bone.015&quot;)
+      (quat 1.000000 0.000000 0.000000 0.000000))
+    (bone
+      (name &quot;Bone.005&quot;)
+      (quat 1.000000 0.000000 0.000000 0.000000))
+    (bone
+      (name &quot;Bone.012&quot;)
+      (quat 1.000000 0.000000 0.000000 0.000000))
+    (bone
+      (name &quot;Bone.013&quot;)
+      (quat 1.000000 0.000000 0.000000 0.000000))
+    (bone
+      (name &quot;Bone.001&quot;)
+      (quat 1.000000 0.000000 0.000000 0.000000))
+    (bone
+      (name &quot;Bone.002&quot;)
+      (quat 1.000000 0.000000 0.000000 0.000000))
+    (bone
+      (name &quot;Bone.003&quot;)
+      (quat 1.000000 0.000000 0.000000 0.000000))
+    (bone
+      (name &quot;Bone.017&quot;)
+      (quat 1.000000 0.000000 0.000000 0.000000))
+    (bone
+      (name &quot;Bone.011&quot;)
+      (quat 1.000000 0.000000 0.000000 0.000000))
+    (bone
+      (name &quot;Bone&quot;)
+      (quat 1.000000 0.000000 0.000000 0.000000))
+    (bone
+      (name &quot;Bone.014&quot;)
+      (quat 1.000000 0.000000 0.000000 0.000000))
+   ) ;; bones
+ ) ;; pose
+
+;; EOF ;;

Modified: trunk/windstille/src/SConscript
===================================================================
--- trunk/windstille/src/SConscript	2007-06-21 23:12:01 UTC (rev 1491)
+++ trunk/windstille/src/SConscript	2007-06-22 00:25:15 UTC (rev 1492)
@@ -44,6 +44,7 @@
 env.Program('../windstille', [
 'armature_test.cpp',
 'armature/armature.cpp',
+'armature/pose.cpp',
 'armature/bone.cpp',
 'baby_xml.cpp',
 'blitter.cpp',

Added: trunk/windstille/src/armature/action.hpp
===================================================================
--- trunk/windstille/src/armature/action.hpp	2007-06-21 23:12:01 UTC (rev 1491)
+++ trunk/windstille/src/armature/action.hpp	2007-06-22 00:25:15 UTC (rev 1492)
@@ -0,0 +1,42 @@
+/*  $Id$
+**   __      __ __             ___        __   __ __   __
+**  /  \    /  \__| ____    __| _/_______/  |_|__|  | |  |   ____
+**  \   \/\/   /  |/    \  / __ |/  ___/\   __\  |  | |  | _/ __ \
+**   \        /|  |   |  \/ /_/ |\___ \  |  | |  |  |_|  |_\  ___/
+**    \__/\  / |__|___|  /\____ /____  &gt; |__| |__|____/____/\___  &gt;
+**         \/          \/      \/    \/                         \/
+**  Copyright (C) 2007 Ingo Ruhnke &lt;<A HREF="https://lists.berlios.de/mailman/listinfo/windstille-commit">grumbel at gmx.de</A>&gt;
+**
+**  This program is free software; you can redistribute it and/or
+**  modify it under the terms of the GNU General Public License
+**  as published by the Free Software Foundation; either version 2
+**  of the License, or (at your option) any later version.
+**
+**  This program is distributed in the hope that it will be useful,
+**  but WITHOUT ANY WARRANTY; without even the implied warranty of
+**  MERCHANTABILITY or FITNESS FOR A PARTICULAR PURPOSE.  See the
+**  GNU General Public License for more details.
+** 
+**  You should have received a copy of the GNU General Public License
+**  along with this program; if not, write to the Free Software
+**  Foundation, Inc., 59 Temple Place - Suite 330, Boston, MA
+**  02111-1307, USA.
+*/
+
+#ifndef HEADER_ACTION_HPP
+#define HEADER_ACTION_HPP
+
+/** */
+class Action
+{
+private:
+public:
+
+private:
+  Action (const Action&amp;);
+  Action&amp; operator= (const Action&amp;);
+};
+
+#endif
+
+/* EOF */


Property changes on: trunk/windstille/src/armature/action.hpp
___________________________________________________________________
Name: svn:keywords
   + Id
Name: svn:eol-style
   + native

Modified: trunk/windstille/src/armature/armature.cpp
===================================================================
--- trunk/windstille/src/armature/armature.cpp	2007-06-21 23:12:01 UTC (rev 1491)
+++ trunk/windstille/src/armature/armature.cpp	2007-06-22 00:25:15 UTC (rev 1492)
@@ -29,6 +29,7 @@
 #include &lt;stdexcept&gt;
 #include &quot;display/opengl_state.hpp&quot;
 #include &quot;display/display.hpp&quot;
+#include &quot;pose.hpp&quot;
 #include &quot;math/vector3.hpp&quot;
 #include &quot;armature.hpp&quot;
 
@@ -70,6 +71,10 @@
                 }
               else
                 {
+                  // FIXME: experimental
+                  bone-&gt;matrix = bone-&gt;quat.to_matrix();
+                  bone-&gt;render_matrix = bone-&gt;quat.to_matrix();
+
                   bones.push_back(bone);
                 }
             }
@@ -138,24 +143,12 @@
 void
 Armature::draw_bone(Bone* bone, Vector3 p, Matrix m)
 {
-  Matrix  m_  = m.multiply(bone-&gt;matrix);
+  Matrix  m_  = m.multiply(bone-&gt;render_matrix);
   Vector3 p_  = p + m.multiply(bone-&gt;offset);
+  // FIXME: In theory we should be using length in the Z component, but only
+  // Y seems to work?! -&gt; Blenders matrix are weird
   Vector3 p__ = p_ + m_.multiply(Vector3(0.0f, bone-&gt;length, 0.0f));
 
-  // In theory we should be using length in the Z component, but only
-  // Y seems to work?! -&gt; Blenders matrix are weird
-
-  // Issues: 
-  // - don't mess with the root bone
-
-  // std::cout &lt;&lt; &quot;--------------------------------------------------------------&quot; &lt;&lt; std::endl;
-  // std::cout &lt;&lt; &quot;draw_bone: &quot; &lt;&lt; bone-&gt;name &lt;&lt; std::endl;
-  // std::cout &lt;&lt; &quot;bone matrix: \n&quot; &lt;&lt; bone-&gt;matrix &lt;&lt; std::endl;
-  // std::cout &lt;&lt; &quot;matrix: \n&quot; &lt;&lt; mat &lt;&lt; std::endl;
-  // std::cout &lt;&lt; &quot;before: &quot; &lt;&lt; vec &lt;&lt; std::endl;
-  ////  vec = mat.multiply(vec) + p + offset;
-  // std::cout &lt;&lt; &quot;after: &quot; &lt;&lt; vec &lt;&lt; std::endl;
-
   // p to p+offset
   glColor3f(0.0f, 0.5f, 0.0f);
   glVertex3f(  p.x, p.y, p.z);
@@ -172,4 +165,28 @@
     draw_bone(*i, p__, m_);
 }
 
+void
+Armature::apply(const Pose&amp; pose)
+{
+  if (pose.get_name() != name)
+    {
+      std::cout &lt;&lt; &quot;Can't apply pose '&quot; &lt;&lt; pose.get_name() &lt;&lt; &quot;' to armature '&quot; &lt;&lt; name &lt;&lt; &quot;'&quot; &lt;&lt; std::endl;
+    }
+  else
+    {                                           
+      for(std::vector&lt;PoseBone&gt;::const_iterator pbone = pose.bones.begin(); pbone != pose.bones.end(); ++pbone)
+        {
+          Bone* bone = get_bone(pbone-&gt;name);
+          if (!bone)
+            {
+              std::cout &lt;&lt; &quot;Error: Couldn't find bone: &quot; &lt;&lt; pbone-&gt;name &lt;&lt; std::endl;
+            }
+          else
+            {
+              bone-&gt;render_matrix = bone-&gt;matrix.multiply(pbone-&gt;quat.to_matrix());
+            }
+        }
+    }
+}
+
 /* EOF */

Modified: trunk/windstille/src/armature/armature.hpp
===================================================================
--- trunk/windstille/src/armature/armature.hpp	2007-06-21 23:12:01 UTC (rev 1491)
+++ trunk/windstille/src/armature/armature.hpp	2007-06-22 00:25:15 UTC (rev 1492)
@@ -30,6 +30,8 @@
 #include &quot;bone.hpp&quot;
 #include &quot;file_reader.hpp&quot;
 
+class Pose;
+
 /** */
 class Armature
 {
@@ -43,6 +45,8 @@
   Armature(FileReader&amp; reader);
   ~Armature();
   
+  void apply(const Pose&amp; pose);
+
   void  parse(FileReader&amp; reader);
   Bone* get_bone(const std::string&amp; name);
   void  draw();

Modified: trunk/windstille/src/armature/bone.hpp
===================================================================
--- trunk/windstille/src/armature/bone.hpp	2007-06-21 23:12:01 UTC (rev 1491)
+++ trunk/windstille/src/armature/bone.hpp	2007-06-22 00:25:15 UTC (rev 1492)
@@ -50,6 +50,8 @@
   Quaternion quat;
   Matrix     matrix;
   Vector3    offset;
+
+  Matrix     render_matrix;
   
   Bone();
   ~Bone();

Added: trunk/windstille/src/armature/ipo_curve.cpp
===================================================================
--- trunk/windstille/src/armature/ipo_curve.cpp	2007-06-21 23:12:01 UTC (rev 1491)
+++ trunk/windstille/src/armature/ipo_curve.cpp	2007-06-22 00:25:15 UTC (rev 1492)
@@ -0,0 +1,62 @@
+/*  $Id$
+**   __      __ __             ___        __   __ __   __
+**  /  \    /  \__| ____    __| _/_______/  |_|__|  | |  |   ____
+**  \   \/\/   /  |/    \  / __ |/  ___/\   __\  |  | |  | _/ __ \
+**   \        /|  |   |  \/ /_/ |\___ \  |  | |  |  |_|  |_\  ___/
+**    \__/\  / |__|___|  /\____ /____  &gt; |__| |__|____/____/\___  &gt;
+**         \/          \/      \/    \/                         \/
+**  Copyright (C) 2007 Ingo Ruhnke &lt;<A HREF="https://lists.berlios.de/mailman/listinfo/windstille-commit">grumbel at gmx.de</A>&gt;
+**
+**  This program is free software; you can redistribute it and/or
+**  modify it under the terms of the GNU General Public License
+**  as published by the Free Software Foundation; either version 2
+**  of the License, or (at your option) any later version.
+**
+**  This program is distributed in the hope that it will be useful,
+**  but WITHOUT ANY WARRANTY; without even the implied warranty of
+**  MERCHANTABILITY or FITNESS FOR A PARTICULAR PURPOSE.  See the
+**  GNU General Public License for more details.
+** 
+**  You should have received a copy of the GNU General Public License
+**  along with this program; if not, write to the Free Software
+**  Foundation, Inc., 59 Temple Place - Suite 330, Boston, MA
+**  02111-1307, USA.
+*/
+
+#include &quot;ipo_curve.hpp&quot;
+
+IpoCurve::IpoCurve()
+{
+}
+
+IpoCurve::~IpoCurve()
+{
+}
+
+float
+IpoCurve::evalutate(float x)
+{
+  // find bezier points left and right from t
+  Vector left;
+  Vector right;
+
+  // calculate the value t from x
+  float t;
+
+  // calculate the result
+
+  //def bezier(p0, p1, p2, p3, t):
+  //    return p0*(1-t)**3 + 3*p1*t*((1-t)**2) + 3*p2*(t**2)*(1-t) + p3*t**3
+}
+
+void
+IpoCurve::add_point(const BezierPoint&amp; p)
+{
+  assert(points.empty() ||
+         points.back().point.x &lt; p.x &amp;&amp;
+         p.handle_left.x &lt; p.x &amp;&amp;
+         p.x &lt; p.handle_right.x);
+  points.push_back(p);
+}
+
+/* EOF */


Property changes on: trunk/windstille/src/armature/ipo_curve.cpp
___________________________________________________________________
Name: svn:keywords
   + Id
Name: svn:eol-style
   + native

Added: trunk/windstille/src/armature/ipo_curve.hpp
===================================================================
--- trunk/windstille/src/armature/ipo_curve.hpp	2007-06-21 23:12:01 UTC (rev 1491)
+++ trunk/windstille/src/armature/ipo_curve.hpp	2007-06-22 00:25:15 UTC (rev 1492)
@@ -0,0 +1,57 @@
+/*  $Id$
+**   __      __ __             ___        __   __ __   __
+**  /  \    /  \__| ____    __| _/_______/  |_|__|  | |  |   ____
+**  \   \/\/   /  |/    \  / __ |/  ___/\   __\  |  | |  | _/ __ \
+**   \        /|  |   |  \/ /_/ |\___ \  |  | |  |  |_|  |_\  ___/
+**    \__/\  / |__|___|  /\____ /____  &gt; |__| |__|____/____/\___  &gt;
+**         \/          \/      \/    \/                         \/
+**  Copyright (C) 2007 Ingo Ruhnke &lt;<A HREF="https://lists.berlios.de/mailman/listinfo/windstille-commit">grumbel at gmx.de</A>&gt;
+**
+**  This program is free software; you can redistribute it and/or
+**  modify it under the terms of the GNU General Public License
+**  as published by the Free Software Foundation; either version 2
+**  of the License, or (at your option) any later version.
+**
+**  This program is distributed in the hope that it will be useful,
+**  but WITHOUT ANY WARRANTY; without even the implied warranty of
+**  MERCHANTABILITY or FITNESS FOR A PARTICULAR PURPOSE.  See the
+**  GNU General Public License for more details.
+** 
+**  You should have received a copy of the GNU General Public License
+**  along with this program; if not, write to the Free Software
+**  Foundation, Inc., 59 Temple Place - Suite 330, Boston, MA
+**  02111-1307, USA.
+*/
+
+#ifndef HEADER_IPO_CURVE_HPP
+#define HEADER_IPO_CURVE_HPP
+
+struct BezierPoint
+{
+  Vector handle_left;
+  Vector handle_right;
+
+  Vector pos;
+};
+
+/** */
+class IpoCurve
+{
+private:
+  std::vector&lt;BezierPoint&gt; points;
+public:
+  IpoCurve();
+  ~IpoCurve();
+  
+  float evalutate(float t);
+
+  void add_point(const BezierPoint&amp; p);
+
+private:
+  IpoCurve (const IpoCurve&amp;);
+  IpoCurve&amp; operator= (const IpoCurve&amp;);
+};
+
+#endif
+
+/* EOF */


Property changes on: trunk/windstille/src/armature/ipo_curve.hpp
___________________________________________________________________
Name: svn:keywords
   + Id
Name: svn:eol-style
   + native

Added: trunk/windstille/src/armature/pose.cpp
===================================================================
--- trunk/windstille/src/armature/pose.cpp	2007-06-21 23:12:01 UTC (rev 1491)
+++ trunk/windstille/src/armature/pose.cpp	2007-06-22 00:25:15 UTC (rev 1492)
@@ -0,0 +1,70 @@
+/*  $Id$
+**   __      __ __             ___        __   __ __   __
+**  /  \    /  \__| ____    __| _/_______/  |_|__|  | |  |   ____
+**  \   \/\/   /  |/    \  / __ |/  ___/\   __\  |  | |  | _/ __ \
+**   \        /|  |   |  \/ /_/ |\___ \  |  | |  |  |_|  |_\  ___/
+**    \__/\  / |__|___|  /\____ /____  &gt; |__| |__|____/____/\___  &gt;
+**         \/          \/      \/    \/                         \/
+**  Copyright (C) 2007 Ingo Ruhnke &lt;<A HREF="https://lists.berlios.de/mailman/listinfo/windstille-commit">grumbel at gmx.de</A>&gt;
+**
+**  This program is free software; you can redistribute it and/or
+**  modify it under the terms of the GNU General Public License
+**  as published by the Free Software Foundation; either version 2
+**  of the License, or (at your option) any later version.
+**
+**  This program is distributed in the hope that it will be useful,
+**  but WITHOUT ANY WARRANTY; without even the implied warranty of
+**  MERCHANTABILITY or FITNESS FOR A PARTICULAR PURPOSE.  See the
+**  GNU General Public License for more details.
+** 
+**  You should have received a copy of the GNU General Public License
+**  along with this program; if not, write to the Free Software
+**  Foundation, Inc., 59 Temple Place - Suite 330, Boston, MA
+**  02111-1307, USA.
+*/
+
+#include &lt;iostream&gt;
+#include &lt;stdexcept&gt;
+#include &quot;file_reader.hpp&quot;
+#include &quot;pose.hpp&quot;
+
+Pose::Pose(FileReader&amp; reader)
+{
+  if (reader.get_name() != &quot;pose&quot;)
+    {
+      throw std::runtime_error(&quot;not a pose file&quot;);
+    }
+  else
+    {
+      reader.get(&quot;name&quot;,  name);
+
+      FileReader bones_reader;
+      if (!reader.get(&quot;bones&quot;, bones_reader))
+        {
+          std::cout &lt;&lt; &quot;Bones section missing&quot; &lt;&lt; std::endl;
+        }
+      else
+        {
+          std::vector&lt;FileReader&gt; sections = bones_reader.get_sections();
+          std::cout &lt;&lt; sections.size() &lt;&lt; std::endl;
+          for(std::vector&lt;FileReader&gt;::iterator i = sections.begin(); i != sections.end(); ++i)
+            {
+              if (i-&gt;get_name() == &quot;bone&quot;)
+                {
+                  PoseBone bone;
+                  i-&gt;get(&quot;name&quot;, bone.name);
+                  i-&gt;get(&quot;quat&quot;, bone.quat);
+                  bones.push_back(bone);
+                }
+              else
+                {
+                  std::cout &lt;&lt; &quot;Unhandled tag: &quot; &lt;&lt; i-&gt;get_name() &lt;&lt; std::endl;
+                }
+            }
+        }
+    }
+
+  std::cout &lt;&lt; &quot;Pose: &quot; &lt;&lt; name &lt;&lt; &quot; &quot; &lt;&lt; bones.size() &lt;&lt; std::endl;
+}
+
+/* EOF */


Property changes on: trunk/windstille/src/armature/pose.cpp
___________________________________________________________________
Name: svn:keywords
   + Id
Name: svn:eol-style
   + native

Added: trunk/windstille/src/armature/pose.hpp
===================================================================
--- trunk/windstille/src/armature/pose.hpp	2007-06-21 23:12:01 UTC (rev 1491)
+++ trunk/windstille/src/armature/pose.hpp	2007-06-22 00:25:15 UTC (rev 1492)
@@ -0,0 +1,58 @@
+/*  $Id$
+**   __      __ __             ___        __   __ __   __
+**  /  \    /  \__| ____    __| _/_______/  |_|__|  | |  |   ____
+**  \   \/\/   /  |/    \  / __ |/  ___/\   __\  |  | |  | _/ __ \
+**   \        /|  |   |  \/ /_/ |\___ \  |  | |  |  |_|  |_\  ___/
+**    \__/\  / |__|___|  /\____ /____  &gt; |__| |__|____/____/\___  &gt;
+**         \/          \/      \/    \/                         \/
+**  Copyright (C) 2007 Ingo Ruhnke &lt;<A HREF="https://lists.berlios.de/mailman/listinfo/windstille-commit">grumbel at gmx.de</A>&gt;
+**
+**  This program is free software; you can redistribute it and/or
+**  modify it under the terms of the GNU General Public License
+**  as published by the Free Software Foundation; either version 2
+**  of the License, or (at your option) any later version.
+**
+**  This program is distributed in the hope that it will be useful,
+**  but WITHOUT ANY WARRANTY; without even the implied warranty of
+**  MERCHANTABILITY or FITNESS FOR A PARTICULAR PURPOSE.  See the
+**  GNU General Public License for more details.
+** 
+**  You should have received a copy of the GNU General Public License
+**  along with this program; if not, write to the Free Software
+**  Foundation, Inc., 59 Temple Place - Suite 330, Boston, MA
+**  02111-1307, USA.
+*/
+
+#ifndef HEADER_POSE_HPP
+#define HEADER_POSE_HPP
+
+#include &lt;string&gt;
+#include &lt;vector&gt;
+
+#include &quot;pose_bone.hpp&quot;
+
+class FileReader;
+
+/** */
+class Pose
+{
+private:
+  std::string name;
+
+public:
+  std::vector&lt;PoseBone&gt; bones;
+  
+public:
+  Pose(FileReader&amp; reader);
+  ~Pose();  
+
+  std::string get_name() const { return name; }
+  
+private:
+  Pose (const Pose&amp;);
+  Pose&amp; operator= (const Pose&amp;);
+};
+
+#endif
+
+/* EOF */


Property changes on: trunk/windstille/src/armature/pose.hpp
___________________________________________________________________
Name: svn:keywords
   + Id
Name: svn:eol-style
   + native

Added: trunk/windstille/src/armature/pose_bone.hpp
===================================================================
--- trunk/windstille/src/armature/pose_bone.hpp	2007-06-21 23:12:01 UTC (rev 1491)
+++ trunk/windstille/src/armature/pose_bone.hpp	2007-06-22 00:25:15 UTC (rev 1492)
@@ -0,0 +1,43 @@
+/*  $Id$
+**   __      __ __             ___        __   __ __   __
+**  /  \    /  \__| ____    __| _/_______/  |_|__|  | |  |   ____
+**  \   \/\/   /  |/    \  / __ |/  ___/\   __\  |  | |  | _/ __ \
+**   \        /|  |   |  \/ /_/ |\___ \  |  | |  |  |_|  |_\  ___/
