<!DOCTYPE HTML PUBLIC "-//W3C//DTD HTML 4.01 Transitional//EN">
<HTML>
 <HEAD>
   <TITLE> [Windstille-commit] r1484 - in trunk/windstille: data src	src/armature src/math tools
   </TITLE>
   <LINK REL="Index" HREF="http://lists.berlios.de/pipermail/windstille-commit/2007-June/index.html" >
   <LINK REL="made" HREF="mailto:windstille-commit%40lists.berlios.de?Subject=Re%3A%20%5BWindstille-commit%5D%20r1484%20-%20in%20trunk/windstille%3A%20data%20src%0A%09src/armature%20src/math%20tools&In-Reply-To=%3C200706210200.l5L20rxD018845%40sheep.berlios.de%3E">
   <META NAME="robots" CONTENT="index,nofollow">
   <style type="text/css">
       pre {
           white-space: pre-wrap;       /* css-2.1, curent FF, Opera, Safari */
           }
   </style>
   <META http-equiv="Content-Type" content="text/html; charset=us-ascii">
   <LINK REL="Previous"  HREF="001135.html">
   <LINK REL="Next"  HREF="001137.html">
 </HEAD>
 <BODY BGCOLOR="#ffffff">
   <H1>[Windstille-commit] r1484 - in trunk/windstille: data src	src/armature src/math tools</H1>
    <B>grumbel at BerliOS</B> 
    <A HREF="mailto:windstille-commit%40lists.berlios.de?Subject=Re%3A%20%5BWindstille-commit%5D%20r1484%20-%20in%20trunk/windstille%3A%20data%20src%0A%09src/armature%20src/math%20tools&In-Reply-To=%3C200706210200.l5L20rxD018845%40sheep.berlios.de%3E"
       TITLE="[Windstille-commit] r1484 - in trunk/windstille: data src	src/armature src/math tools">grumbel at mail.berlios.de
       </A><BR>
    <I>Thu Jun 21 04:00:53 CEST 2007</I>
    <P><UL>
        <LI>Previous message: <A HREF="001135.html">[Windstille-commit] r1483 - in trunk/windstille/src: . armature
</A></li>
        <LI>Next message: <A HREF="001137.html">[Windstille-commit] r1485 - in trunk/windstille: data src	src/armature src/math tools
</A></li>
         <LI> <B>Messages sorted by:</B> 
              <a href="date.html#1136">[ date ]</a>
              <a href="thread.html#1136">[ thread ]</a>
              <a href="subject.html#1136">[ subject ]</a>
              <a href="author.html#1136">[ author ]</a>
         </LI>
       </UL>
    <HR>  
<!--beginarticle-->
<PRE>Author: grumbel
Date: 2007-06-21 04:00:52 +0200 (Thu, 21 Jun 2007)
New Revision: 1484

Added:
   trunk/windstille/data/armature.arm
   trunk/windstille/src/armature_test.cpp
   trunk/windstille/src/armature_test.hpp
Modified:
   trunk/windstille/src/SConscript
   trunk/windstille/src/armature/armature.cpp
   trunk/windstille/src/armature/armature.hpp
   trunk/windstille/src/armature/bone.cpp
   trunk/windstille/src/armature/bone.hpp
   trunk/windstille/src/geometry_test.cpp
   trunk/windstille/src/math/matrix.cpp
   trunk/windstille/src/math/matrix.hpp
   trunk/windstille/src/math/vector3.hpp
   trunk/windstille/src/menu_manager.cpp
   trunk/windstille/src/menu_manager.hpp
   trunk/windstille/src/navigation_test.cpp
   trunk/windstille/tools/bone_export.py
Log:
- some armature testing code, obviously not working yet


Added: trunk/windstille/data/armature.arm
===================================================================
--- trunk/windstille/data/armature.arm	2007-06-20 22:25:53 UTC (rev 1483)
+++ trunk/windstille/data/armature.arm	2007-06-21 02:00:52 UTC (rev 1484)
@@ -0,0 +1,495 @@
+;; -*- scheme -*-
+(armature
+  (name &quot;Armature&quot;)
+  (bones
+    (bone
+      (name      &quot;LegNull.L&quot;)
+      (children )
+      (parent    &quot;Lower Leg.L&quot;)
+      (head      0.000000 -0.000000 0.000000)
+      (length    19.4823303223)
+      (matrix    0.999972  0.005368  0.005170
+                -0.007122  0.892687  0.450621
+                -0.002196 -0.450645  0.892701)
+      (quat      0.231616 -0.001893 0.003210 0.972800)
+      (euler     26.783907 -0.296202 0.307589)
+     )
+
+    (bone
+      (name      &quot;Hip.R&quot;)
+      (children  &quot;Upper Leg.R&quot;)
+      (parent    &quot;Base&quot;)
+      (head      0.040620 -0.025407 0.039311)
+      (length    27.6306285858)
+      (matrix    0.464598  0.621588  0.630696
+                 0.637704 -0.729017  0.248729
+                 0.614396  0.286638 -0.735090)
+      (quat      -0.855673 -0.367924 -0.363776 0.011077)
+      (euler     161.305908 -39.101467 53.224209)
+     )
+
+    (bone
+      (name      &quot;Foot.L&quot;)
+      (children  &quot;Toes.L&quot;)
+      (parent    &quot;Lower Leg.L&quot;)
+      (head      0.000000 -0.000000 0.000000)
+      (length    25.8882045746)
+      (matrix    0.906031  0.404751  0.123628
+                -0.132580  0.548869 -0.825327
+                -0.401908  0.731382  0.550955)
+      (quat      -0.448945 -0.151561 0.154963 0.866870)
+      (euler     -56.274559 -7.101538 24.071741)
+     )
+
+    (bone
+      (name      &quot;Upper Arm.L&quot;)
+      (children  &quot;Forearm.L&quot;)
+      (parent    &quot;Shoulder.L&quot;)
+      (head      0.000000 -0.000000 0.000000)
+      (length    34.0862197876)
+      (matrix    0.910775 -0.272327  0.310365
+                 0.149809  0.918392  0.366215
+                -0.384766 -0.287044  0.877246)
+      (quat      0.169659 -0.180534 -0.109634 0.962602)
+      (euler     22.658556 -18.081205 -16.646954)
+     )
+
+    (bone
+      (name      &quot;Belly&quot;)
+      (children )
+      (parent    &quot;Base&quot;)
+      (head      0.000000 -0.023287 0.366125)
+      (length    22.6078624725)
+      (matrix    1.000000  0.000000  0.000000
+                 0.000000 -0.210548  0.977584
+                 0.000000 -0.977584 -0.210548)
+      (quat      0.777994 0.000000 0.000000 0.628272)
+      (euler     102.154457 -0.000000 0.000000)
+     )
+
+    (bone
+      (name      &quot;Upper Arm.R&quot;)
+      (children  &quot;Forearm.R&quot;)
+      (parent    &quot;Shoulder.R&quot;)
+      (head      0.000000 0.000000 -0.000000)
+      (length    34.0863990784)
+      (matrix    0.910775  0.272328 -0.310364
+                -0.149811  0.918392  0.366214
+                 0.384766 -0.287042  0.877246)
+      (quat      0.169659 0.180534 0.109635 0.962602)
+      (euler     22.658512 18.081173 16.647051)
+     )
+
+    (bone
+      (name      &quot;Foot.R&quot;)
+      (children  &quot;Toes.R&quot;)
+      (parent    &quot;Lower Leg.R&quot;)
+      (head      0.000000 0.000000 0.000000)
+      (length    25.8882312775)
+      (matrix    0.906031 -0.404752 -0.123628
+                 0.132580  0.548869 -0.825328
+                 0.401909  0.731382  0.550954)
+      (quat      -0.448946 0.151562 -0.154963 0.866870)
+      (euler     -56.274597 7.101557 -24.071774)
+     )
+
+    (bone
+      (name      &quot;Hip.L&quot;)
+      (children  &quot;Upper Leg.L&quot;)
+      (parent    &quot;Base&quot;)
+      (head      -0.039261 -0.025407 0.039311)
+      (length    27.6306190491)
+      (matrix    0.464597 -0.621588 -0.630696
+                -0.637704 -0.729017  0.248730
+                -0.614396  0.286638 -0.735089)
+      (quat      -0.855672 0.367926 0.363776 0.011075)
+      (euler     161.305908 39.101479 -53.224247)
+     )
+
+    (bone
+      (name      &quot;LegNull.R&quot;)
+      (children )
+      (parent    &quot;Lower Leg.R&quot;)
+      (head      0.000000 0.000000 0.000000)
+      (length    19.4823417664)
+      (matrix    0.999972 -0.005368 -0.005170
+                 0.007122  0.892687  0.450622
+                 0.002196 -0.450646  0.892700)
+      (quat      0.231617 0.001893 -0.003210 0.972800)
+      (euler     26.783953 0.296212 -0.307584)
+     )
+
+    (bone
+      (name      &quot;Neck&quot;)
+      (children  &quot;Head&quot;)
+      (parent    &quot;Shoulders&quot;)
+      (head      0.000000 -0.000000 -0.000000)
+      (length    16.9650382996)
+      (matrix    1.000000  0.000000  0.000000
+                 0.000000  0.779716  0.626133
+                 0.000000 -0.626133  0.779716)
+      (quat      0.331876 0.000000 0.000000 0.943323)
+      (euler     38.765385 -0.000000 0.000000)
+     )
+
+    (bone
+      (name      &quot;Hip&quot;)
+      (children  &quot;Body&quot;)
+      (parent    &quot;Base&quot;)
+      (head      0.000000 0.003058 0.001977)
+      (length    23.6622543335)
+      (matrix    1.000000  0.000000  0.000000
+                 0.000000  0.997063  0.076591
+                 0.000000 -0.076591  0.997063)
+      (quat      0.038324 0.000000 0.000000 0.999265)
+      (euler     4.392665 -0.000000 0.000000)
+     )
+
+    (bone
+      (name      &quot;Shoulders&quot;)
+      (children  &quot;Shoulder.R&quot; &quot;Neck&quot; &quot;Shoulder.L&quot;)
+      (parent    &quot;Body&quot;)
+      (head      0.000000 0.000000 -0.000000)
+      (length    17.489074707)
+      (matrix    1.000000  0.000000  0.000000
+                 0.000000  0.999747  0.022513
+                 0.000000 -0.022513  0.999747)
+      (quat      0.011257 0.000000 0.000000 0.999937)
+      (euler     1.289991 -0.000000 0.000000)
+     )
+
+    (bone
+      (name      &quot;Shoulder.L&quot;)
+      (children  &quot;Upper Arm.L&quot;)
+      (parent    &quot;Shoulders&quot;)
+      (head      -0.133504 0.016665 -0.103217)
+      (length    30.0338306427)
+      (matrix   -0.211033 -0.390486 -0.896095
+                -0.881235 -0.320670  0.347270
+                -0.422954  0.862955 -0.276438)
+      (quat      -0.588658 0.540093 0.560193 0.219009)
+      (euler     -51.479073 116.350624 61.611572)
+     )
+
+    (bone
+      (name      &quot;FingerTips.L&quot;)
+      (children )
+      (parent    &quot;Fingers.L&quot;)
+      (head      0.000000 -0.000000 0.000000)
+      (length    6.92211341858)
+      (matrix    0.972665 -0.148898 -0.178189
+                 0.118982  0.978544 -0.168213
+                 0.199413  0.142414  0.969512)
+      (quat      -0.078438 0.095350 -0.067644 0.990040)
+      (euler     -9.843002 10.264314 -8.703428)
+     )
+
+    (bone ;; a root bone
+      (name      &quot;Base&quot;)
+      (children  &quot;Belly&quot; &quot;Hip.R&quot; &quot;Hip.L&quot; &quot;Hip&quot;)
+      (parent )
+      (head      -0.134862 -0.098326 -1.250145)
+      (length    14.4880990982)
+      (matrix    1.000000  0.000000  0.000000
+                 0.000000 -0.011341  0.999936
+                 0.000000 -0.999936 -0.011341)
+      (quat      0.711105 0.000000 0.000000 0.703086)
+      (euler     90.649788 -0.000000 0.000000)
+     )
+
+    (bone
+      (name      &quot;FingerTips.R&quot;)
+      (children )
+      (parent    &quot;Fingers.R&quot;)
+      (head      0.000000 0.000000 -0.000000)
+      (length    7.42318964005)
+      (matrix    0.983139  0.129103  0.129499
+                -0.114041  0.986481 -0.117684
+                -0.142942  0.100931  0.984571)
+      (quat      -0.054969 -0.068504 0.061137 0.994257)
+      (euler     -6.816104 -7.440645 7.481118)
+     )
+
+    (bone
+      (name      &quot;Shoulder.R&quot;)
+      (children  &quot;Upper Arm.R&quot;)
+      (parent    &quot;Shoulders&quot;)
+      (head      0.134862 0.016665 -0.103217)
+      (length    30.0339851379)
+      (matrix   -0.211032  0.390486  0.896095
+                 0.881236 -0.320668  0.347269
+                 0.422952  0.862956 -0.276439)
+      (quat      -0.588658 -0.540093 -0.560192 0.219010)
+      (euler     -51.478905 -116.350578 -61.611633)
+     )
+
+    (bone
+      (name      &quot;Body&quot;)
+      (children  &quot;Shoulders&quot;)
+      (parent    &quot;Hip&quot;)
+      (head      0.000000 -0.000000 0.000000)
+      (length    23.4960784912)
+      (matrix    1.000000  0.000000  0.000000
+                 0.000000  0.989207 -0.146523
+                 0.000000  0.146523  0.989207)
+      (quat      -0.073460 0.000000 0.000000 0.997298)
+      (euler     -8.425456 -0.000000 0.000000)
+     )
+
+    (bone
+      (name      &quot;Toes.R&quot;)
+      (children )
+      (parent    &quot;Foot.R&quot;)
+      (head      0.000000 0.000000 -0.000000)
+      (length    14.4431037903)
+      (matrix   -0.908818 -0.133897 -0.395123
+                 0.133896  0.803379 -0.580218
+                 0.395123 -0.580218 -0.712197)
+      (quat      -0.000000 0.925256 -0.313545 0.213521)
+      (euler     39.169296 156.726379 8.381138)
+     )
+
+    ;; ignoring bone: IK_Foot.R
+
+    (bone
+      (name      &quot;Hand.L&quot;)
+      (children  &quot;Fingers.L&quot; &quot;LowerThumb.L&quot;)
+      (parent    &quot;Forearm.L&quot;)
+      (head      0.006394 0.036837 -0.005415)
+      (length    16.1714401245)
+      (matrix    0.997139 -0.069244 -0.030322
+                 0.068329  0.997204 -0.030248
+                 0.032331  0.028089  0.999082)
+      (quat      -0.014596 0.015676 -0.034421 0.999178)
+      (euler     -1.734119 1.737577 -3.972397)
+     )
+
+    (bone
+      (name      &quot;Fingers.R&quot;)
+      (children  &quot;FingerTips.R&quot;)
+      (parent    &quot;Hand.R&quot;)
+      (head      0.000000 0.000000 0.000000)
+      (length    7.75397825241)
+      (matrix    0.991391 -0.084731  0.099820
+                 0.094134  0.991150 -0.093592
+                -0.091006  0.102183  0.990594)
+      (quat      -0.049109 -0.047867 -0.044867 0.996636)
+      (euler     -5.397344 -5.728780 -4.885022)
+     )
+
+    (bone
+      (name      &quot;Head&quot;)
+      (children )
+      (parent    &quot;Neck&quot;)
+      (head      0.000000 0.000000 -0.000000)
+      (length    17.0246181488)
+      (matrix    1.000000  0.000000  0.000000
+                 0.000000  0.612928  0.790139
+                 0.000000 -0.790139  0.612928)
+      (quat      0.439927 0.000000 0.000000 0.898033)
+      (euler     52.198494 -0.000000 0.000000)
+     )
+
+    (bone
+      (name      &quot;Fingers.L&quot;)
+      (children  &quot;FingerTips.L&quot;)
+      (parent    &quot;Hand.L&quot;)
+      (head      0.000000 -0.000000 0.000000)
+      (length    7.87261009216)
+      (matrix    0.990993  0.081849 -0.105986
+                -0.092456  0.990746 -0.099367
+                 0.096872  0.108271  0.989390)
+      (quat      -0.052098 0.050899 0.043734 0.996385)
+      (euler     -5.735134 6.083975 4.721491)
+     )
+
+    ;; ignoring bone: IK_Foot.L
+
+    (bone
+      (name      &quot;Hand.R&quot;)
+      (children  &quot;Fingers.R&quot; &quot;LowerThumb.R&quot;)
+      (parent    &quot;Forearm.R&quot;)
+      (head      -0.006394 0.036837 -0.005415)
+      (length    16.1715164185)
+      (matrix    0.997139  0.069244  0.030321
+                -0.068329  0.997204 -0.030247
+                -0.032331  0.028089  0.999082)
+      (quat      -0.014596 -0.015676 0.034421 0.999178)
+      (euler     -1.734102 -1.737557 3.972392)
+     )
+
+    (bone
+      (name      &quot;Toes.L&quot;)
+      (children )
+      (parent    &quot;Foot.L&quot;)
+      (head      -0.000000 0.000000 -0.000000)
+      (length    14.4430961609)
+      (matrix   -0.908818  0.133897  0.395121
+                -0.133896  0.803379 -0.580219
+                -0.395121 -0.580219 -0.712197)
+      (quat      -0.000000 -0.925256 0.313545 0.213520)
+      (euler     39.169323 -156.726471 -8.381126)
+     )
+
+    (bone
+      (name      &quot;Thumb.R&quot;)
+      (children )
+      (parent    &quot;LowerThumb.R&quot;)
+      (head      0.000000 0.000000 -0.000000)
+      (length    7.98016500473)
+      (matrix    0.802273  0.596654  0.019051
+                -0.568548  0.753975  0.329051
+                 0.181965 -0.274820  0.944120)
+      (quat      0.161383 0.043538 0.311397 0.935463)
+      (euler     19.214796 -1.091607 36.638348)
+     )
+
+    (bone
+      (name      &quot;Lower Leg.L&quot;)
+      (children  &quot;Foot.L&quot; &quot;LegNull.L&quot;)
+      (parent    &quot;Upper Leg.L&quot;)
+      (head      0.000000 -0.000000 0.000000)
+      (length    53.7671737671)
+      (matrix    0.999287 -0.025255 -0.028072
+                 0.028426  0.992486  0.119011
+                 0.024856 -0.119724  0.992496)
+      (quat      0.059802 0.013258 -0.013447 0.998032)
+      (euler     6.837742 1.608633 -1.447702)
+     )
+
+    (bone
+      (name      &quot;Upper Leg.R&quot;)
+      (children  &quot;Lower Leg.R&quot;)
+      (parent    &quot;Hip.R&quot;)
+      (head      -0.000384 0.012505 -0.020905)
+      (length    56.2413978577)
+      (matrix    0.491190  0.626030  0.605656
+                -0.550237  0.762022 -0.341411
+                -0.675257 -0.165557  0.718762)
+      (quat      -0.051004 -0.371507 0.341156 0.861971)
+      (euler     -25.407665 -37.276051 51.881889)
+     )
+
+    (bone
+      (name      &quot;ArmNull.R&quot;)
+      (children )
+      (parent    &quot;Forearm.R&quot;)
+      (head      0.000000 0.000000 0.000000)
+      (length    14.4419641495)
+      (matrix   -0.071245  0.997459  0.000002
+                 0.000000 -0.000002  1.000000
+                 0.997459  0.071245 -0.000000)
+      (quat      0.481860 0.517504 0.517505 0.481859)
+      (euler     90.000008 -0.000116 94.085503)
+     )
+
+    (bone
+      (name      &quot;LowerThumb.R&quot;)
+      (children  &quot;Thumb.R&quot;)
+      (parent    &quot;Hand.R&quot;)
+      (head      0.018833 -0.247973 -0.030859)
+      (length    11.9381313324)
+      (matrix    0.641058 -0.448957  0.622481
+                 0.720677  0.631054 -0.287045
+                -0.263948  0.632620  0.728095)
+      (quat      -0.265475 -0.255881 -0.337633 0.866055)
+      (euler     -21.516397 -38.497532 -35.004974)
+     )
+
+    ;; ignoring bone: IK_Arm.L
+
+    (bone
+      (name      &quot;Thumb.L&quot;)
+      (children )
+      (parent    &quot;LowerThumb.L&quot;)
+      (head      0.000000 -0.000000 0.000000)
+      (length    7.9801197052)
+      (matrix    0.802273 -0.596653 -0.019056
+                 0.568549  0.753976  0.329048
+                -0.181960 -0.274820  0.944121)
+      (quat      0.161382 -0.043536 -0.311397 0.935464)
+      (euler     19.214613 1.091876 -36.638294)
+     )
+
+    (bone
+      (name      &quot;Forearm.L&quot;)
+      (children  &quot;ArmNull.L&quot; &quot;Hand.L&quot;)
+      (parent    &quot;Upper Arm.L&quot;)
+      (head      -0.000000 -0.000000 -0.000000)
+      (length    33.7863006592)
+      (matrix    0.999244 -0.013579  0.036439
+                 0.012327  0.999333  0.034372
+                -0.036882 -0.033897  0.998745)
+      (quat      0.017073 -0.018336 -0.006479 0.999665)
+      (euler     1.971078 -2.088269 -0.778556)
+     )
+
+    (bone
+      (name      &quot;Forearm.R&quot;)
+      (children  &quot;ArmNull.R&quot; &quot;Hand.R&quot;)
+      (parent    &quot;Upper Arm.R&quot;)
+      (head      0.000000 0.000000 0.000000)
+      (length    33.7864570618)
+      (matrix    0.999244  0.013579 -0.036439
+                -0.012327  0.999333  0.034372
+                 0.036881 -0.033897  0.998745)
+      (quat      0.017073 0.018336 0.006479 0.999665)
+      (euler     1.971067 2.088262 0.778585)
+     )
+
+    ;; ignoring bone: IK_Arm.R
+
+    (bone
+      (name      &quot;LowerThumb.L&quot;)
+      (children  &quot;Thumb.L&quot;)
+      (parent    &quot;Hand.L&quot;)
+      (head      -0.018833 -0.247972 -0.030859)
+      (length    11.9381809235)
+      (matrix    0.641059  0.448959 -0.622479
+                -0.720678  0.631053 -0.287046
+                 0.263946  0.632620  0.728097)
+      (quat      -0.265475 0.255880 0.337633 0.866055)
+      (euler     -21.516415 38.497387 35.005066)
+     )
+
+    (bone
+      (name      &quot;ArmNull.L&quot;)
+      (children )
+      (parent    &quot;Forearm.L&quot;)
+      (head      0.000000 0.000000 0.000000)
+      (length    14.4419927597)
+      (matrix   -0.071247 -0.997459 -0.000002
+                -0.000001 -0.000002  1.000000
+                -0.997459  0.071247 -0.000000)
+      (quat      0.481860 -0.517505 -0.517506 0.481859)
+      (euler     90.000023 0.000118 -94.085602)
+     )
+
+    (bone
+      (name      &quot;Lower Leg.R&quot;)
+      (children  &quot;Foot.R&quot; &quot;LegNull.R&quot;)
+      (parent    &quot;Upper Leg.R&quot;)
+      (head      0.000000 0.000000 0.000000)
+      (length    53.7671432495)
+      (matrix    0.999287  0.025254  0.028076
+                -0.028426  0.992486  0.119011
+                -0.024860 -0.119724  0.992496)
+      (quat      0.059802 -0.013260 0.013447 0.998032)
+      (euler     6.837743 -1.608866 1.447679)
+     )
+
+    (bone
+      (name      &quot;Upper Leg.L&quot;)
+      (children  &quot;Lower Leg.L&quot;)
+      (parent    &quot;Hip.L&quot;)
+      (head      0.000384 0.012505 -0.020905)
+      (length    56.241355896)
+      (matrix    0.491187 -0.626029 -0.605659
+                 0.550237  0.762022 -0.341411
+                 0.675259 -0.165560  0.718760)
+      (quat      -0.051003 0.371509 -0.341157 0.861970)
+      (euler     -25.407747 37.276279 -51.882050)
+     )
+
+  ) ;; bones
+ ) ;; armature

Modified: trunk/windstille/src/SConscript
===================================================================
--- trunk/windstille/src/SConscript	2007-06-20 22:25:53 UTC (rev 1483)
+++ trunk/windstille/src/SConscript	2007-06-21 02:00:52 UTC (rev 1484)
@@ -42,6 +42,7 @@
 # env['ENV']['LSBCC_SHAREDLIBS'] = 'png2:SDL:SDL_image:vorbis:ogg:openal:physfs'
 
 env.Program('../windstille', [
+'armature_test.cpp',
 'armature/armature.cpp',
 'armature/bone.cpp',
 'baby_xml.cpp',

Modified: trunk/windstille/src/armature/armature.cpp
===================================================================
--- trunk/windstille/src/armature/armature.cpp	2007-06-20 22:25:53 UTC (rev 1483)
+++ trunk/windstille/src/armature/armature.cpp	2007-06-21 02:00:52 UTC (rev 1484)
@@ -25,6 +25,8 @@
 
 #include &lt;iostream&gt;
 #include &lt;stdexcept&gt;
+#include &quot;display/display.hpp&quot;
+#include &quot;math/vector3.hpp&quot;
 #include &quot;armature.hpp&quot;
 
 Armature::Armature(FileReader&amp; reader)
@@ -51,12 +53,14 @@
         {
           if (i-&gt;get_name() == &quot;bone&quot;)
             {
-              Bone bone;
-              i-&gt;get(&quot;name&quot;,     bone.name);
-              i-&gt;get(&quot;children&quot;, bone.children);
-              i-&gt;get(&quot;length&quot;,   bone.length);
-              i-&gt;get(&quot;quat&quot;,     bone.quat);
-              i-&gt;get(&quot;head&quot;,     bone.head);
+              Bone* bone = new Bone();
+              i-&gt;get(&quot;name&quot;,     bone-&gt;name);
+              i-&gt;get(&quot;children&quot;, bone-&gt;children_names);
+              i-&gt;get(&quot;parent&quot;,   bone-&gt;parent_name);
+              i-&gt;get(&quot;length&quot;,   bone-&gt;length);
+              i-&gt;get(&quot;quat&quot;,     bone-&gt;quat);
+              i-&gt;get(&quot;head&quot;,     bone-&gt;head);
+              bones.push_back(bone);
             }
           else
             {
@@ -64,6 +68,72 @@
             }
         }
     }
+  
+  // insert code here to connet parent bones
+  for(Bones::iterator i = bones.begin(); i != bones.end(); ++i)
+    {
+      Bone&amp; bone = **i;
+      for(std::vector&lt;std::string&gt;::iterator j = bone.children_names.begin(); j != bone.children_names.end(); ++j)
+        {
+          Bone* child = get_bone(*j);
+          if (child)
+            bone.children.push_back(child);
+        }
+
+      if (bone.parent_name.empty())
+        {
+          root_bone = &bone;
+        }
+      else
+        {
+          Bone* parent = get_bone(bone.parent_name);
+          if (parent)
+            bone.parent = parent;
+        }
+    }
+
+  if (!root_bone)
+    std::cout &lt;&lt; &quot;Root Bone Missing!&quot; &lt;&lt; std::endl;
 }
 
+Bone*
+Armature::get_bone(const std::string&amp; name)
+{
+  for(Bones::iterator i = bones.begin(); i != bones.end(); ++i)
+    {
+      if ((*i)-&gt;name == name)
+        return *i;
+    }
+  std::cout &lt;&lt; &quot;Error: Bone: '&quot; &lt;&lt; name &lt;&lt; &quot;' not found&quot; &lt;&lt; std::endl;
+  return 0;
+}
+
+void
+Armature::draw()
+{
+  std::cout &lt;&lt; &quot;Draw&quot; &lt;&lt; std::endl;
+  draw_bone(root_bone, Vector3(400,300, 0), Matrix::identity());
+}
+
+void
+Armature::draw_bone(Bone* bone, Vector3 p, Matrix cur)
+{
+  // FIXME: not taking head into account
+  Vector3 vec = Vector3(bone-&gt;length, 0.0f, 0.0f) + bone-&gt;head;
+  Matrix  mat = cur.multiply(bone-&gt;quat.to_matrix());
+  
+  vec = p + mat.multiply(vec);  
+
+  // std::cout &lt;&lt; &quot;vec: &quot; &lt;&lt; vec &lt;&lt; std::endl;
+
+  Display::draw_line(Vector(p.x,   p.y),
+                     Vector(vec.x, vec.y),
+                     Color(1.0f, 1.0f, 1.0f));
+
+  for(std::vector&lt;Bone*&gt;::iterator i = bone-&gt;children.begin(); i != bone-&gt;children.end(); ++i)  
+    {
+      draw_bone(*i, vec, cur);
+    }
+}
+
 /* EOF */

Modified: trunk/windstille/src/armature/armature.hpp
===================================================================
--- trunk/windstille/src/armature/armature.hpp	2007-06-20 22:25:53 UTC (rev 1483)
+++ trunk/windstille/src/armature/armature.hpp	2007-06-21 02:00:52 UTC (rev 1484)
@@ -35,13 +35,18 @@
 {
 private:
   std::string name;
-  typedef std::vector&lt;Bone&gt; Bones;
+  typedef std::vector&lt;Bone*&gt; Bones;
   Bones bones;
+  
+  Bone* root_bone;
 public:
   Armature(FileReader&amp; reader);
   ~Armature();
   
-  void parse(FileReader&amp; reader);
+  void  parse(FileReader&amp; reader);
+  Bone* get_bone(const std::string&amp; name);
+  void  draw();
+  void  draw_bone(Bone* bone, Vector3 p, Matrix matrix);
 private:
   Armature (const Armature&amp;);
   Armature&amp; operator= (const Armature&amp;);

Modified: trunk/windstille/src/armature/bone.cpp
===================================================================
--- trunk/windstille/src/armature/bone.cpp	2007-06-20 22:25:53 UTC (rev 1483)
+++ trunk/windstille/src/armature/bone.cpp	2007-06-21 02:00:52 UTC (rev 1484)
@@ -26,6 +26,7 @@
 #include &quot;bone.hpp&quot;
 
 Bone::Bone()
+  : parent(0)
 {
 }
 

Modified: trunk/windstille/src/armature/bone.hpp
===================================================================
--- trunk/windstille/src/armature/bone.hpp	2007-06-20 22:25:53 UTC (rev 1483)
+++ trunk/windstille/src/armature/bone.hpp	2007-06-21 02:00:52 UTC (rev 1484)
@@ -37,7 +37,13 @@
 private:
 public:
   std::string name;
-  std::vector&lt;std::string&gt; children;
+
+  std::vector&lt;std::string&gt; children_names;
+  std::string parent_name;
+
+  std::vector&lt;Bone*&gt; children;
+  Bone*      parent;
+
   float      length;
   Quaternion quat;
   Vector3    head;

Added: trunk/windstille/src/armature_test.cpp
===================================================================
--- trunk/windstille/src/armature_test.cpp	2007-06-20 22:25:53 UTC (rev 1483)
+++ trunk/windstille/src/armature_test.cpp	2007-06-21 02:00:52 UTC (rev 1484)
@@ -0,0 +1,60 @@
+/*  $Id$
+**   __      __ __             ___        __   __ __   __
+**  /  \    /  \__| ____    __| _/_______/  |_|__|  | |  |   ____
+**  \   \/\/   /  |/    \  / __ |/  ___/\   __\  |  | |  | _/ __ \
+**   \        /|  |   |  \/ /_/ |\___ \  |  | |  |  |_|  |_\  ___/
+**    \__/\  / |__|___|  /\____ /____  &gt; |__| |__|____/____/\___  &gt;
+**         \/          \/      \/    \/                         \/
+**  Copyright (C) 2007 Ingo Ruhnke &lt;<A HREF="https://lists.berlios.de/mailman/listinfo/windstille-commit">grumbel at gmx.de</A>&gt;
+**
+**  This program is free software; you can redistribute it and/or
+**  modify it under the terms of the GNU General Public License
+**  as published by the Free Software Foundation; either version 2
+**  of the License, or (at your option) any later version.
+**
+**  This program is distributed in the hope that it will be useful,
+**  but WITHOUT ANY WARRANTY; without even the implied warranty of
+**  MERCHANTABILITY or FITNESS FOR A PARTICULAR PURPOSE.  See the
+**  GNU General Public License for more details.
+** 
+**  You should have received a copy of the GNU General Public License
+**  along with this program; if not, write to the Free Software
+**  Foundation, Inc., 59 Temple Place - Suite 330, Boston, MA
+**  02111-1307, USA.
+*/
+
+#include &lt;GL/glew.h&gt;
+#include &lt;GL/gl.h&gt;
+#include &quot;input/controller.hpp&quot;
+#include &quot;display/display.hpp&quot;
+#include &quot;screen_manager.hpp&quot;
+#include &quot;display/display.hpp&quot;
+#include &quot;armature_test.hpp&quot;
+
+ArmatureTest::ArmatureTest()
+{
+  FileReader reader = FileReader::parse(&quot;armature.arm&quot;);
+  armature = new Armature(reader);
+}
+
+void
+ArmatureTest::draw()
+{
+  glClearColor(0.0f, 0.0f, 0.0f, 1.0f);
+  glClear(GL_COLOR_BUFFER_BIT | GL_DEPTH_BUFFER_BIT);
+  
+  armature-&gt;draw();
+}
+
+void
+ArmatureTest::update(float delta, const Controller&amp; controller)
+{
+  if (controller.button_was_pressed(ESCAPE_BUTTON) ||
+      controller.button_was_pressed(PAUSE_BUTTON))
+    {
+      screen_manager.pop_screen();
+    }
+ 
+}
+
+/* EOF */


Property changes on: trunk/windstille/src/armature_test.cpp
___________________________________________________________________
Name: svn:keywords
   + Id
Name: svn:eol-style
   + native

Added: trunk/windstille/src/armature_test.hpp
===================================================================
--- trunk/windstille/src/armature_test.hpp	2007-06-20 22:25:53 UTC (rev 1483)
+++ trunk/windstille/src/armature_test.hpp	2007-06-21 02:00:52 UTC (rev 1484)
@@ -0,0 +1,51 @@
+/*  $Id$
+**   __      __ __             ___        __   __ __   __
+**  /  \    /  \__| ____    __| _/_______/  |_|__|  | |  |   ____
+**  \   \/\/   /  |/    \  / __ |/  ___/\   __\  |  | |  | _/ __ \
+**   \        /|  |   |  \/ /_/ |\___ \  |  | |  |  |_|  |_\  ___/
+**    \__/\  / |__|___|  /\____ /____  &gt; |__| |__|____/____/\___  &gt;
+**         \/          \/      \/    \/                         \/
+**  Copyright (C) 2007 Ingo Ruhnke &lt;<A HREF="https://lists.berlios.de/mailman/listinfo/windstille-commit">grumbel at gmx.de</A>&gt;
+**
+**  This program is free software; you can redistribute it and/or
+**  modify it under the terms of the GNU General Public License
+**  as published by the Free Software Foundation; either version 2
+**  of the License, or (at your option) any later version.
+**
+**  This program is distributed in the hope that it will be useful,
+**  but WITHOUT ANY WARRANTY; without even the implied warranty of
+**  MERCHANTABILITY or FITNESS FOR A PARTICULAR PURPOSE.  See the
+**  GNU General Public License for more details.
+** 
+**  You should have received a copy of the GNU General Public License
+**  along with this program; if not, write to the Free Software
+**  Foundation, Inc., 59 Temple Place - Suite 330, Boston, MA
+**  02111-1307, USA.
+*/
+
+#ifndef HEADER_ARMATURE_TEST_HPP
+#define HEADER_ARMATURE_TEST_HPP
+
+#include &quot;armature/armature.hpp&quot;
+#include &quot;screen.hpp&quot;
+
+/** */
+class ArmatureTest : public Screen
+{
+private:
+  Armature* armature;
+
+public:
+  ArmatureTest();
+
+  void draw();
+  void update(float delta, const Controller&amp; controller);
+
+private:
+  ArmatureTest (const ArmatureTest&amp;);
+  ArmatureTest&amp; operator= (const ArmatureTest&amp;);
+};
+
+#endif
+
+/* EOF */


Property changes on: trunk/windstille/src/armature_test.hpp
___________________________________________________________________
Name: svn:keywords
   + Id
Name: svn:eol-style
   + native

Modified: trunk/windstille/src/geometry_test.cpp
===================================================================
--- trunk/windstille/src/geometry_test.cpp	2007-06-20 22:25:53 UTC (rev 1483)
+++ trunk/windstille/src/geometry_test.cpp	2007-06-21 02:00:52 UTC (rev 1484)
@@ -52,6 +52,7 @@
 void
 GeometryTest::draw()
 {
+  glClearColor(0.0f, 0.0f, 0.0f, 1.0f);
   glClear(GL_COLOR_BUFFER_BIT | GL_DEPTH_BUFFER_BIT);
 
   Display::draw_line(line1, Color(0.0f, 1.0f, 0.0f));

Modified: trunk/windstille/src/math/matrix.cpp
===================================================================
--- trunk/windstille/src/math/matrix.cpp	2007-06-20 22:25:53 UTC (rev 1483)
+++ trunk/windstille/src/math/matrix.cpp	2007-06-21 02:00:52 UTC (rev 1484)
@@ -30,6 +30,7 @@
 #include &lt;string.h&gt;
 #include &lt;iostream&gt;
 #include &lt;math.h&gt;
+#include &quot;vector3.hpp&quot;
 #include &quot;matrix.hpp&quot;
 
 /////////////////////////////////////////////////////////////////////////////
@@ -37,32 +38,32 @@
 
 Matrix::Matrix()
 {
-	memset(matrix, 0, sizeof(float[16]));
+  memset(matrix, 0, sizeof(float[16]));
 }
 
 Matrix
 Matrix::identity()
 {
-	Matrix matrix;
+  Matrix matrix;
 
-	matrix.matrix[0] = 1.0;
-	matrix.matrix[5] = 1.0;
-	matrix.matrix[10] = 1.0;
-	matrix.matrix[15] = 1.0;
+  matrix.matrix[0] = 1.0;
+  matrix.matrix[5] = 1.0;
+  matrix.matrix[10] = 1.0;
+  matrix.matrix[15] = 1.0;
 	
-	return matrix;
+  return matrix;
 }
 
 Matrix::Matrix(const Matrix &amp;copy)
 {
-	for (int i=0; i&lt;16; i++)
-		matrix[i] = copy.matrix[i];
+  for (int i=0; i&lt;16; i++)
+    matrix[i] = copy.matrix[i];
 }
 
 Matrix::Matrix(const float *init_matrix)
 {
-	for (int i=0; i&lt;16; i++)
-		matrix[i] = init_matrix[i];
+  for (int i=0; i&lt;16; i++)
+    matrix[i] = init_matrix[i];
 }
 
 /////////////////////////////////////////////////////////////////////////////
@@ -70,17 +71,17 @@
 
 float Matrix::get_origin_x() const
 {
-	return matrix[12];
+  return matrix[12];
 }
 
 float Matrix::get_origin_y() const
 {
-	return matrix[13];
+  return matrix[13];
 }
 
 float Matrix::get_origin_z() const
 {
-	return matrix[14];
+  return matrix[14];
 }
 
 /////////////////////////////////////////////////////////////////////////////
@@ -88,42 +89,56 @@
 
 bool Matrix::operator==(const Matrix &amp;other) const 
 {
-	for (int i=0; i&lt;16; i++)
-		if (matrix[i] != other.matrix[i]) return false;
-	return true;
+  for (int i=0; i&lt;16; i++)
+    if (matrix[i] != other.matrix[i]) return false;
+  return true;
 }
 
 bool Matrix::operator!=(const Matrix &amp;other) const
 {
-	for (int i=0; i&lt;16; i++)
-		if (matrix[i] != other.matrix[i]) return true;
-	return false;
+  for (int i=0; i&lt;16; i++)
+    if (matrix[i] != other.matrix[i]) return true;
+  return false;
 }
 
 Matrix &amp;Matrix::operator =(const Matrix &amp;copy)
 {
-	for (int i=0; i&lt;16; i++)
-		matrix[i] = copy.matrix[i];
-	return *this;
+  for (int i=0; i&lt;16; i++)
+    matrix[i] = copy.matrix[i];
+  return *this;
 }
 
 Matrix Matrix::multiply(const Matrix &amp;mult) const
 {
-	Matrix result;
-	for (int x=0; x&lt;4; x++)
-	{
-		for (int y=0; y&lt;4; y++)
-		{
-			result.matrix[x+y*4] =
-				matrix[x]*mult.matrix[y*4] +
-				matrix[x+4]*mult.matrix[y*4+1] +
-				matrix[x+8]*mult.matrix[y*4+2] +
-				matrix[x+12]*mult.matrix[y*4+3];
-		}
-	}
-	return result;
+  Matrix result;
+  for (int x=0; x&lt;4; x++)
+    {
+      for (int y=0; y&lt;4; y++)
+        {
+          result.matrix[x+y*4] =
+            matrix[x   ] * mult.matrix[y*4  ] +
+            matrix[x+ 4] * mult.matrix[y*4+1] +
+            matrix[x+ 8] * mult.matrix[y*4+2] +
+            matrix[x+12] * mult.matrix[y*4+3];
+        }
+    }
+  return result;
 }
 
+Vector3
+Matrix::multiply(const Vector3&amp; v) const
+{ // assuming Vector3 is a homogenous vector (x,y,z,1)
+  // FIXME: Test me
+  const Matrix&amp; m = *this;
+
+  float x = m(0,0)*v.x + m(0,1)*v.x + m(0,2)*v.x + m(0,3)*v.x;
+  float y = m(1,0)*v.y + m(1,1)*v.y + m(1,2)*v.y + m(1,3)*v.y;
+  float z = m(2,0)*v.z + m(2,1)*v.z + m(2,2)*v.z + m(2,3)*v.z;
+  float w = m(3,0)*1   + m(3,1)*1   + m(3,2)*1   + m(3,3)*1  ;
+
+  return Vector3(x/w, y/w, z/w);
+}
+
 Matrix
 Matrix::scale(float x, float y, float z)
 {

Modified: trunk/windstille/src/math/matrix.hpp
===================================================================
--- trunk/windstille/src/math/matrix.hpp	2007-06-20 22:25:53 UTC (rev 1483)
+++ trunk/windstille/src/math/matrix.hpp	2007-06-21 02:00:52 UTC (rev 1484)
@@ -32,66 +32,73 @@
 
 #include &lt;iosfwd&gt;
 
+class Vector3;
+
 //: 4x4 Matrix.
 class Matrix
 {
-//! Construction:
+  //! Construction:
 public:
-	//: Constructs a 4x4 matrix.
-	Matrix();
+  //: Constructs a 4x4 matrix.
+  Matrix();
 
-	Matrix(const Matrix &amp;copy);
+  Matrix(const Matrix &amp;copy);
 
-	Matrix(const float *matrix);
+  Matrix(const float *matrix);
 
-	/** Returns identity matrix */
-	static Matrix identity();
+  /** Returns identity matrix */
+  static Matrix identity();
 
-//! Attributes:
+  //! Attributes:
 public:
-	float matrix[16];
+  float matrix[16];
 
-	//: Operator that returns the matrix cell at the given index.
-	float &amp;operator[](int i) { return matrix[i]; }
+  //: Operator that returns the matrix cell at the given index.
+  float &amp;operator[](int i) { return matrix[i]; }
 
-	//: Operator that returns the matrix cell at the given index.
-	const float &amp;operator[](int i) const { return matrix[i]; }
+  //: Operator that returns the matrix cell at the given index.
+  const float &amp;operator[](int i) const { return matrix[i]; }
 
-	//: Operator that returns the matrix cell at the given index.
-	float &amp;operator[](unsigned int i) { return matrix[i]; }
+  inline float&amp;       operator()(int row, int col) { return matrix[4*row + col]; }
+  inline const float&amp; operator()(int row, int col) const { return matrix[4*row + col]; }
 
-	//: Operator that returns the matrix cell at the given index.
-	const float &amp;operator[](unsigned int i) const { return matrix[i]; }
+  //: Operator that returns the matrix cell at the given index.
+  float &amp;operator[](unsigned int i) { return matrix[i]; }
 
-	//: Returns the x coordinate for the point (0,0,0) multiplied with this matrix.
-	float get_origin_x() const;
+  //: Operator that returns the matrix cell at the given index.
+  const float &amp;operator[](unsigned int i) const { return matrix[i]; }
 
-	//: Returns the y coordinate for the point (0,0,0) multiplied with this matrix.
-	float get_origin_y() const;
+  //: Returns the x coordinate for the point (0,0,0) multiplied with this matrix.
+  float get_origin_x() const;
 
-	//: Returns the z coordinate for the point (0,0,0) multiplied with this matrix.
-	float get_origin_z() const;
+  //: Returns the y coordinate for the point (0,0,0) multiplied with this matrix.
+  float get_origin_y() const;
 
-//! Operations:
+  //: Returns the z coordinate for the point (0,0,0) multiplied with this matrix.
+  float get_origin_z() const;
+
+  //! Operations:
 public:
-	//: Copy assignment operator.
-	Matrix &amp;operator =(const Matrix &amp;copy);
+  //: Copy assignment operator.
+  Matrix &amp;operator =(const Matrix &amp;copy);
 
-	//: Equality operator.
-	bool operator==(const Matrix &amp;other) const;
+  //: Equality operator.
+  bool operator==(const Matrix &amp;other) const;
 
-	//: Not-equal operator.
-	bool operator!=(const Matrix &amp;other) const;
+  //: Not-equal operator.
+  bool operator!=(const Matrix &amp;other) const;
 
-	//: Multiply two matrices.
-	Matrix multiply(const Matrix &amp;matrix) const;
+  //: Multiply two matrices.
+  Matrix multiply(const Matrix &amp;matrix) const;
 
-	//: Multiply the matrix with the given scale/translate/rotate matrix
-	Matrix scale(float x, float y, float z);
-	Matrix translate(float x, float y, float z);
-	Matrix rotate(float angle, float x, float y, float z);
+  Vector3 multiply(const Vector3&amp; vector) const;
 
-//! Implementation:
+  //: Multiply the matrix with the given scale/translate/rotate matrix
+  Matrix scale(float x, float y, float z);
+  Matrix translate(float x, float y, float z);
+  Matrix rotate(float angle, float x, float y, float z);
+
+  //! Implementation:
 private:
 };
 

Modified: trunk/windstille/src/math/vector3.hpp
===================================================================
--- trunk/windstille/src/math/vector3.hpp	2007-06-20 22:25:53 UTC (rev 1483)
+++ trunk/windstille/src/math/vector3.hpp	2007-06-21 02:00:52 UTC (rev 1484)
@@ -19,6 +19,7 @@
 #ifndef __VECTOR3_HPP__
 #define __VECTOR3_HPP__
 
+#include &lt;iostream&gt;
 #include &quot;math/matrix.hpp&quot;
 
 /**
@@ -103,5 +104,9 @@
   }
 };
 
